99551
99550
99553
99552
99555
99554
99557
99556
99559
99558
99759
99738
99748
99841
99749
99791
99776
99709
99712
99658
99659
99714
99652
99653
99650
99651
99656
99657
99654
99655
99668
99784
99785
99540
99546
99547
99782
99587
99739
99548
99549
99788
99789
99667
99666
99665
99585
99663
99662
99661
99660
99669
99583
99625
99704
99705
99706
99624
99701
99702
99703
99840
99753
99752
99579
99578
99577
99576
99575
99574
99573
99572
99571
99670
99671
99672
99674
99676
99677
99678
99679
99694
99778
99695
99746
99771
99770
99773
99772
99775
99774
99777
99693
99690
99758
99568
99569
99561
99563
99564
99565
99566
99567
99901
99689
99688
99685
99612
99686
99681
99680
99683
99613
99605
99604
99607
99606
99603
99602
99762
99763
99760
99761
99609
99767
99764
99765
99769
99757
99756
99755
99754
99519
99518
99751
99684
99515
99925
99517
99516
99692
99510
99513
99691
99903
99614
99615
99591
99590
99610
99611
99783
99750
99829
99926
99825
99824
99827
99682
99820
99726
99727
99768
99740
99741
99742
99743
99744
99745
99508
99747
99506
99507
99504
99505
99502
99503
99501
99586
99622
99621
99620
99627
99626
99580
99581
99628
99588
99589
99919
99918
99836
99826
99835
99832
99833
99830
99927
99923
99766
99786
99780
99781
99734
99737
99736
99638
99639
99733
99732
99634
99921
99636
99637
99630
99631
99632
99633
99801
99929
99730
99649
99648
99724
99722
99723
99720
99721
99641
99640
99643
99645
99644
99647
99729
99790
99664
99922
