35540
35541
35234
35235
35544
35233
35546
36582
35548
35549
35542
36759
35543
36451
35621
35620
35622
35545
36583
36318
36319
36066
36067
36064
36105
36104
36107
36069
36585
36925
36280
36584
36615
36617
36616
36611
36610
36613
36612
35078
36619
36618
36587
36703
36203
36201
36206
36207
36205
35990
36343
35593
36922
35619
36581
35058
35057
35054
35055
35052
35053
35051
36580
35901
36723
35903
35904
35905
35906
35907
36441
36442
36444
36445
36330
35120
35121
35126
35127
35124
35125
35128
36801
36109
36530
36532
36108
36538
36539
35975
35750
36028
35752
35971
35754
35973
35756
36022
35758
36020
36436
36026
36027
36024
36025
35470
35473
35474
35475
35476
35477
36511
35579
35578
35674
35672
35673
35670
35671
35571
35570
35572
35575
35574
35577
35576
35584
35585
35586
35587
35580
35581
35582
36106
36727
35405
35404
35406
35401
36726
36912
36913
36869
35803
36783
35151
35150
36863
36373
36370
36371
36376
36374
36375
36910
36521
36279
36278
36273
36272
36271
36277
36276
36274
36525
36524
36879
36875
36874
36877
36425
36871
36870
35068
36471
35074
36473
36475
36474
36477
36476
36571
36572
36574
36575
36576
35013
35010
35077
35016
35014
36776
35070
35019
36804
36773
35071
35203
35207
35206
35205
35204
35209
35208
35633
35630
35810
35634
35958
36695
35816
36693
35079
36053
36052
36051
36509
36054
36112
36113
36110
36111
36116
36117
36115
30165
35226
35441
35221
35443
35442
35444
35447
35446
31905
35222
36749
36606
36607
36604
36605
36602
36603
36722
36608
36609
35988
35989
35490
35980
35981
35983
35984
35986
35987
36740
36919
35023
35022
36744
36738
35180
35183
35184
35186
35187
35063
35062
35061
35060
35064
35218
38852
36732
36736
36303
36301
36305
35119
35118
35117
35116
35115
35114
35112
35111
36017
36016
36543
36542
36013
36544
36010
36549
36548
35966
35808
35740
35741
35962
35747
35960
35745
35801
35748
35802
35805
35968
35806
35481
35480
35643
35640
35647
35646
35645
35563
35649
35648
35188
35564
35565
36439
35244
35243
35242
36071
36502
36264
36265
36266
36267
36260
36262
36263
36346
36345
36344
36268
36269
36340
36453
36904
36541
35739
36907
36540
36866
36867
36865
36862
36551
36860
36861
36908
36545
36460
36467
36512
36513
35146
35147
35143
36742
36043
35148
35149
35020
35603
35601
35214
35215
35216
35217
35210
35211
35212
35213
36758
36688
35967
36849
36785
36901
36784
36048
36049
36518
35746
36046
36047
36040
36041
36042
35963
36578
36748
35744
36470
35961
36426
35458
35459
35452
35453
35456
35457
35749
36786
36420
36421
35179
35178
36720
35175
35176
35171
35173
35172
36314
36316
36317
36310
36311
36312
36313
36093
36092
36091
36830
36775
36258
36360
36255
36256
36251
36250
36701
36728
36480
36481
36482
36483
35089
36446
36435
35080
35083
35082
35085
35087
36553
36550
36003
36556
36005
36006
36555
36009
36558
36559
36766
35953
35952
35951
35950
35957
35956
35072
35954
35776
35959
35774
35773
35772
35771
35224
35555
35554
35553
35552
35223
35550
35229
35228
35559
35654
35650
35651
35652
35653
36075
35254
36079
36078
36763
36523
36522
36350
36351
36352
36353
36832
36859
36858
35049
36527
35045
35044
35046
36590
35040
35043
35042
36768
36754
36756
36526
36750
36751
36752
36753
36456
36455
36454
36321
36320
36323
36322
35131
35130
35133
35135
35136
35139
35031
35032
35033
35034
35035
35036
35610
35611
35613
35614
35615
35616
36535
35618
35592
35594
36505
36790
36507
36039
36038
36529
36528
36916
36915
36031
36030
36033
36032
36035
36034
36037
36036
35466
35464
35463
35462
35461
35460
36029
35469
36792
35661
35660
35504
35501
35503
35751
35974
36793
36853
35976
36579
36852
35755
36850
36782
35757
35972
36856
35759
36855
36854
35811
36401
35979
36568
35978
36921
36432
35160
36088
36089
36362
35896
36080
36081
36082
36083
36769
35775
36765
35098
35091
35096
35097
35094
35824
35073
36569
35677
36567
36761
36564
36562
36561
36560
35768
35769
35005
35004
35007
35006
35760
35761
36767
35763
35764
35765
35766
