71665
71667
71666
71661
71660
71663
71662
72426
72427
72424
72425
72422
72421
72540
72543
72542
72544
72428
72429
71913
71862
71861
71860
71866
71865
38769
72080
72081
72082
72083
71711
72085
72086
72087
72088
72160
72167
72166
72165
72668
71762
71763
71764
71765
72019
72017
72016
72015
72014
72013
72012
72011
72010
72661
72846
72776
72847
72642
72908
72640
72641
72842
72644
72645
72901
72648
72904
72585
72584
72587
72581
72583
72742
72443
72747
72745
72744
72462
72444
72460
72461
72466
72467
72464
72445
72139
72447
72347
72346
72342
72341
72340
72348
71944
71945
72951
71940
71941
71943
71827
71826
71825
71823
71822
71820
72130
72515
72512
72513
72131
72519
72729
71759
71758
71751
71753
71752
65733
72520
72715
72719
72639
72638
72845
72633
72632
72631
72630
72636
72635
72634
72044
72045
72046
72047
72040
72041
72129
72128
72127
72126
72125
72821
72123
72122
72121
72120
72704
72703
72701
72315
72311
72956
72389
72223
72952
72950
72227
72383
72386
72958
72384
71909
71676
71677
71674
71675
71670
71671
72413
72412
72411
72410
72417
72416
72415
72414
72553
72419
72556
72554
72555
71971
71970
71973
71972
72079
71701
72074
72076
72070
72073
72072
72001
72002
72003
72004
72005
72006
72007
72211
72210
72212
72169
72168
72181
72084
72855
72550
72852
72851
72531
72853
72175
72176
72170
72856
72679
72173
72677
72857
72675
72858
72916
72179
72670
72325
72324
72327
72326
72321
72320
72322
72854
72329
72328
72459
72458
72758
72756
72568
72751
72752
72753
72672
72350
72351
72353
72354
72355
72358
72359
71838
71839
71933
71935
71937
72456
72469
71832
71833
71834
71835
71836
71837
72523
72522
72521
72454
72527
72526
72524
72453
72529
72528
72450
72828
72768
72903
71630
71631
71635
71638
71639
71726
71749
72042
71742
72057
71740
71747
71744
71745
72055
72823
71845
71847
71846
71841
71842
72048
72827
72824
72149
72740
72141
72140
72143
72142
72031
72030
72032
72035
72034
72037
72036
72039
72038
72132
72134
72135
72136
72137
72368
72712
72714
71766
72717
72718
72360
72365
72364
72367
72366
72394
72395
72396
72390
72392
72624
72626
72623
72628
72629
72567
72566
72565
72564
72562
72561
72560
71643
71642
71640
71647
71646
72569
71644
72764
72761
72760
72762
72404
72769
72401
75556
71998
71801
71968
71969
71964
71965
71962
71960
71961
72455
71730
72068
72069
72067
72064
72065
72063
72060
72061
72826
72955
72209
72619
72202
72617
72201
72206
72207
72204
72205
72927
72926
72923
72921
72928
72101
72669
72103
72102
72104
72107
72106
72660
72108
72662
72663
72840
72841
72666
72843
72440
72441
72442
72335
72332
72333
72330
72331
72449
72338
72339
72686
72687
72685
72682
72683
72680
72721
72722
72727
72865
71901
72863
71922
71923
71921
72860
71929
72435
72434
72437
72436
72431
72099
72433
72432
72534
72536
72537
72530
72438
72532
72533
72959
71603
71602
71601
71858
71859
71857
71854
71855
71852
71853
71999
71851
72839
72838
72546
72156
72157
72538
72152
72153
72150
65761
72833
72801
72802
72832
72022
72023
72020
72021
72026
72027
72024
71770
72029
72379
72372
72373
72370
72376
72377
72374
72749
72651
72650
72653
72655
71743
72658
71772
72571
72572
72573
72576
72577
72578
72579
72025
72479
72478
72774
72773
72471
72470
72473
72472
72476
72457
72482
71959
71958
72501
71953
71952
71950
71957
71956
71654
71655
71651
71652
71653
71658
71659
72059
72058
71724
71725
72051
71720
71722
65729
72539
72601
72930
72932
72933
72934
72935
72936
72937
72938
72112
72113
72110
72111
72116
72117
72114
72830
72118
72119
72835
72834
72837
72301
72616
72611
71949
72738
72739
72732
72730
72736
72734
72517
72430
72945
72944
72947
72946
72941
72940
72943
72949
72948
