85716
85714
85715
85712
85713
85710
85711
86535
85718
85719
87328
86538
86043
86042
86040
86047
86046
86045
86044
84536
84531
86409
86403
86401
86406
86404
85749
85627
85328
85326
85325
85324
85323
85322
85321
85320
85742
85746
85020
85021
85022
85023
85024
85027
85028
85029
85298
85613
85611
85610
85617
85616
85615
85614
85750
85618
85756
85757
85755
86004
86003
86001
85054
85051
85050
85053
86445
86444
86443
86442
86441
86440
86313
86315
86314
85208
85209
85201
85202
85203
85204
85205
85206
85207
85388
85381
85383
85382
85387
86503
85938
85939
85936
85937
85934
85935
85932
85933
85930
85931
85374
85375
85377
85371
85373
85379
85554
85550
85551
85552
85553
85019
85018
85013
85012
85015
85014
85017
85016
85723
85726
85724
86520
86054
86052
86053
86351
85654
85121
85120
85123
85122
85128
85658
86502
86411
86413
86506
86556
85338
85339
85233
85234
85331
85332
85333
85334
85335
85336
85337
85194
85192
85193
85739
85641
85349
85348
85345
85344
85347
85346
85341
85340
85343
85342
85608
85609
85605
85606
85607
85601
85602
85603
86018
86011
86015
86016
86017
85044
85045
85042
85043
85040
85041
85048
86511
86510
86512
86515
86514
86305
86301
86303
86429
86426
85392
85248
85390
85396
85395
85901
85301
85303
85302
85305
85304
85307
85306
85309
85308
85135
85268
85266
85264
85262
85263
85260
85008
85009
85003
85006
85007
85004
85635
85634
85637
85631
85630
85633
85632
85735
85736
85737
85730
85638
86021
86020
86023
86022
86025
86024
86029
86028
86343
85640
85137
85643
85132
85645
85646
85131
85648
85138
85139
86547
86544
86545
86540
86338
86335
86334
86337
86336
86331
86333
86332
85942
85941
85940
85226
85224
85225
85297
85296
85295
85356
85357
85354
85355
85352
85353
85350
85351
85172
85173
85705
85704
85707
85706
85701
86507
86504
86505
86508
85708
85249
86438
86436
86437
86434
86435
86432
86433
86431
85619
85911
85912
85083
85086
85087
85085
85310
85259
85258
85253
85251
85250
85257
85256
85255
85254
85539
85533
85530
85531
85536
85534
85535
85037
85035
85034
85033
85032
85031
85653
85626
85748
85624
85625
85622
85623
85620
85621
85741
85743
85650
85745
85747
85629
86032
86033
86030
86031
86036
86034
86035
86038
86039
86329
86326
86327
86324
86325
86322
86323
86320
86321
85118
85119
85501
85215
85213
85212
85210
85929
85928
85925
85924
85927
85926
85920
85923
85922
85281
85282
85283
85284
85286
85363
85362
85361
85360
85367
85365
85364
85543
85542
85541
85540
85546
85545
85544
85147
85145
85143
85142
85141
85140
