95571
93254
93255
93256
93257
93250
93251
93252
92091
92653
92651
92309
92656
92655
92305
92304
92307
92301
92870
96074
93430
93432
93433
93434
96155
93436
93437
90822
93926
93927
93924
93925
95559
93923
93920
93921
95555
95554
95556
95551
95550
93928
95552
94028
90220
90221
90222
94022
94020
94021
94027
94024
94025
90008
90004
90005
90006
90007
90001
90002
90003
95682
94158
95689
90640
95688
92657
92308
92879
91423
95776
91740
96010
91741
95923
91744
91745
94541
95019
94542
94545
94510
94547
94546
95010
94548
95012
95013
95014
95017
90746
95304
95305
95306
95307
95301
95303
90742
94949
94945
94947
94946
94941
94940
92262
95943
92260
95941
92266
92267
92264
95945
92268
95949
91208
91201
91203
91202
91205
91204
91207
91206
96150
96091
96090
96093
96092
96094
96097
96096
93221
93220
93223
93222
93225
93224
93226
92086
92084
92082
92083
92081
92868
92869
92648
92649
92316
92861
92314
92315
92313
92310
92311
92886
92887
92882
92883
92880
92881
93531
93530
94303
94301
94306
94305
94304
90813
96015
90810
90815
90814
92107
96017
92106
92009
92105
92104
92102
94015
94014
92101
95548
94010
95546
95547
95545
95542
95543
94019
90250
90255
90254
95521
90079
90071
90073
90077
95527
90670
95765
95762
96120
94552
94553
94550
94551
94556
94555
94558
94559
92411
92410
95372
95375
95374
95377
95376
95379
96125
96124
96126
94956
94957
94954
94952
94950
94951
96122
92604
95209
92606
92259
92258
92257
92256
95207
95206
92253
92252
92251
92250
91210
91214
95991
95993
96080
96129
96086
96087
96084
91046
96088
93230
93234
93235
93238
93239
91506
91504
92328
91502
91501
92630
92321
92320
92327
92637
92324
95930
95558
90804
90805
90806
90807
90802
90803
90808
95553
94002
93908
94005
95573
93905
93906
93907
93901
90242
90240
90241
90247
90245
90248
90249
95681
95680
90068
90069
95685
95684
95687
95686
90062
90063
90061
90066
90067
90064
90065
94132
90660
92408
95570
95757
95758
92401
92407
92404
92405
94569
94568
94567
94566
94565
94564
94563
91042
94561
94560
95363
95360
95361
95366
95367
95364
95365
95368
95369
93272
94963
94960
91768
94965
94964
89019
89010
95968
92249
95219
92536
92241
92242
95215
95212
95965
95210
95211
94585
94587
94586
94580
94583
94582
94589
94588
95986
95987
95984
95982
95983
95981
95988
93592
93591
92335
92336
92337
92332
93208
93207
93206
93205
93204
93203
93202
93201
90732
92629
92620
92626
92627
92624
92625
93111
93110
93117
90731
96055
96054
96057
96056
96051
96050
96052
96059
96058
95564
95565
95567
95560
95562
95563
95431
95568
95569
96073
90278
90277
90275
90274
90272
90270
95692
95693
95690
95691
90291
90290
90293
90292
95698
95699
94109
94108
96075
94103
92539
94105
94104
94107
92240
95961
95962
92243
92532
95501
92530
94611
94610
94613
94612
95746
95747
94619
94618
95742
90057
90056
90720
90723
90059
90058
94578
94579
94571
94572
94573
94574
94575
94576
94577
94801
94803
94804
94805
94806
95828
95358
95357
95356
95355
95354
95351
95350
95540
94970
94971
94972
94973
95821
95820
95823
95827
91402
91980
95228
92503
95222
92501
95220
95227
92506
92505
92504
94596
94597
94595
94592
95903
94590
94591
94598
94599
92341
93219
92342
92345
92344
92347
92346
93210
93212
93215
92618
93105
93101
93103
92333
93108
93109
94544
92338
92339
94549
96046
96047
96044
93562
93563
93560
93561
92587
96048
95918
95511
95514
95519
95914
93962
93960
95916
90260
90262
90263
90265
90266
95910
94931
90280
95429
95428
95425
95427
95426
95421
95420
95423
95422
94118
94112
94110
94111
94116
94117
94114
93258
95430
90602
90603
90601
90606
90604
90605
97635
95919
94606
94607
94605
94602
94603
94601
95735
94608
94609
90040
90041
90042
90043
90044
90045
90046
90047
90048
90049
95645
95646
95641
95640
95642
95648
96021
95348
95340
95341
95345
95346
96025
94901
94903
94904
95234
95236
95237
95230
95231
95232
95233
92518
92058
91739
91737
91731
91730
91733
91732
91950
92284
92285
92280
92281
92282
92283
92352
92602
92603
92356
92354
92358
92359
95814
95060
95816
95817
93553
93552
93551
93550
96076
93555
93554
93004
93558
93001
93003
95503
93955
93954
93953
93950
94127
94124
94123
94122
94121
95439
95436
95437
95435
95432
94129
94128
90631
90630
90638
90401
95728
95722
95720
95721
95726
95724
90703
90701
90706
90704
96119
95942
95946
95947
95655
95652
95653
95650
95651
95658
95659
95948
91436
92561
95240
92563
95242
95245
95247
95246
95249
95248
91724
91722
91723
91945
91942
91941
91948
92368
92365
92364
92363
95391
92385
92384
92386
92382
92389
94115
92708
92701
92703
92705
92704
92707
92706
92014
92011
93549
93544
93545
93546
93015
92019
93541
93010
93543
93940
93943
95537
95536
95531
93635
94130
94131
95409
94133
94134
95403
95401
95407
95405
95404
90620
90621
90623
95694
95695
95717
92860
95715
94528
95713
92646
92647
94621
92865
92866
90715
90716
90717
90710
94521
90712
90713
95203
94526
94720
95663
95662
95661
95660
95667
95666
95665
95664
95669
95668
91390
94929
94928
91406
91405
94924
94923
94922
91401
94920
94102
95252
92570
95251
95257
95254
95255
95258
91711
91710
91977
91978
93711
93710
92378
92371
92372
92373
92374
92376
92377
91377
92562
95388
95389
95385
95386
95387
95380
92173
95382
95383
92397
92394
92395
92392
92567
92391
92398
92399
93628
93625
93624
93627
93626
93621
93620
93623
93622
96009
91316
96002
90755
96003
95328
96006
96007
96019
92007
92004
92003
92111
93023
93022
93021
93532
93535
93534
92008
93536
95528
95325
92114
95524
95525
95526
92115
95320
92117
93445
93444
93446
93441
93440
96123
93442
93449
96128
95415
95417
95410
95412
95701
95703
95977
95709
90090
90095
90094
95678
95679
95674
95675
95677
95670
95672
95673
91381
91384
91387
94938
94939
94930
91411
94933
96134
94937
96135
96132
96133
96130
92549
92548
92545
92544
92543
91706
91701
91702
95065
95064
95066
91708
91709
95062
91962
91963
93702
93703
93701
93706
93704
93705
91367
91364
91362
91360
91361
92140
92147
92145
95843
95842
95841
93638
93636
93637
93634
95134
93633
93630
93631
95864
95549
93035
93036
93030
93033
93528
93529
92037
92036
93522
93523
96001
93526
93527
93524
96136
96137
93454
93455
93452
93453
93450
93451
93458
95461
95460
95463
95462
95465
95464
95467
95466
95469
95468
96142
90089
94709
94708
94707
94706
94705
94704
94703
94702
95608
95811
95601
95603
95602
95605
92840
95607
95606
92662
95815
92660
92661
95818
95819
95117
95116
95111
95110
95113
95112
95119
95118
94507
94506
91020
92551
94502
92555
92557
91770
91773
91775
91776
95076
95075
95073
95070
96034
91911
91910
91913
91915
91914
91917
91916
93730
92154
92155
91352
91351
91350
91356
91355
91354
91605
91604
91607
91606
91601
91602
92808
92806
92807
92804
92805
92802
92801
93609
93608
93603
93602
93601
93606
93605
93604
96146
93422
93041
93516
93043
93042
93513
93512
96031
93510
96140
93519
93518
93287
93286
93285
92028
92029
93280
92024
92025
92026
92027
92020
92021
96148
93463
93461
93460
96107
96106
93465
96104
96068
96109
96108
92010
95472
95470
95471
95476
92509
96064
92508
96065
96067
93012
93013
95223
96062
96063
92507
95226
95225
95224
90747
94074
90745
90744
90743
94070
90740
96038
94710
95618
95619
95612
95610
95616
95614
95615
95838
95604
94404
94401
94402
94403
89060
89061
91762
91763
91761
91766
91767
91764
91765
95043
95041
95046
95045
91902
91901
91906
91905
93728
93720
93721
93722
93723
93725
93726
93727
92121
92120
92123
92122
92124
92127
92126
92129
92128
91344
91345
91340
91342
91343
95829
92617
92833
92832
92831
95822
95825
95824
92835
95826
93614
93615
93616
92614
93610
93611
93612
93618
93619
92612
92610
92583
92582
92239
92586
92585
92584
95915
92234
95917
92236
92231
92230
92233
95912
95969
96020
93501
96022
96023
96024
93505
96027
96028
96029
92059
93291
93292
92055
92054
92057
92056
94089
94080
94085
94086
94087
92595
92222
90402
90403
90404
90405
92591
96118
92220
96114
96115
96116
96117
96110
96111
96112
96113
95449
95448
95446
95445
95444
95443
95442
95441
94066
94065
94062
94063
94060
94061
95960
95595
93517
92867
95627
95626
95625
95624
95623
95621
95620
95629
95628
95963
95697
95133
95132
95131
95130
95136
95135
95370
95139
95138
96008
95054
95050
95051
95053
95966
92553
94509
94508
91759
94505
91024
91755
91754
94501
91752
94503
91750
92821
89439
92040
92132
92130
92131
92134
92135
92139
95714
91331
91330
91335
91803
91801
95832
95833
95830
95831
95837
95834
95835
93660
93662
93665
93664
93667
93666
93669
93668
91935
91934
91932
91931
92227
92596
92225
92590
92223
92592
95901
93067
93066
93065
93064
93063
93060
93268
92823
93265
93267
93266
93261
93260
93263
93262
95970
96037
93401
93402
93405
90302
95458
95459
95450
95451
95452
95453
95454
95456
95457
90501
90503
90502
90505
90504
90506
93314
93311
93313
93312
95589
95587
95585
90211
90210
90212
90035
90034
90037
90036
90031
96040
90033
90032
96041
90039
90038
95630
95631
95632
95633
95634
95635
95636
95637
95638
95639
96161
95979
95978
95683
95205
95204
96049
95975
92254
95973
91103
91101
91106
91107
91104
91105
91108
95202
95128
95129
95124
95125
95126
95127
95120
95121
95122
95123
95974
91608
95020
95023
91748
94518
94519
94516
94517
94514
94515
94512
94513
91746
94511
95971
92694
92692
92691
95338
92109
92108
95335
95334
95337
95336
92103
95330
95333
91320
91321
91326
91324
91325
93673
93675
96014
95939
95938
95932
92211
92210
95937
95936
95935
95934
96085
96011
92075
92071
92070
92078
92675
92677
92676
92673
92672
93276
93277
93274
92679
92678
93270
93271
96013
91016
91010
93410
91011
94533
90680
94538
94539
93306
93307
93304
93305
93301
93308
93309
92322
94044
96016
94040
94041
94043
92325
94925
90201
90026
90027
90024
90025
90022
90023
90020
90021
91403
95944
90028
90029
95482
96121
95486
95485
95488
95018
95032
95033
95030
95037
95035
95039
92110
91008
94523
91001
94520
91007
91006
94525
94850
91792
91791
91790
93040
96035
92688
93514
96033
92683
96032
92118
92119
91311
95329
95326
95327
95324
92113
95322
95323
92116
95321
92571
96039
93648
93647
93646
93645
93644
93643
93641
93640
95925
95926
95920
92201
95922
92203
95928
96069
93283
91302
91303
92060
92061
92064
92065
92066
92067
92069
92843
93249
92841
91030
92663
92844
92845
93243
93242
93241
93240
93247
93245
93244
93427
93426
96145
93424
96143
91505
96141
93420
93429
93428
90831
93930
93933
93932
95736
96061
94038
94030
94037
90232
90230
95955
90013
90012
90011
90010
90017
90016
90015
90014
90019
90018
95494
95497
95490
95492
95493
90305
90304
90303
90650
90301
93218
93650
96103
95148
95140
96101
96105
95950
95953
94534
94535
94536
94530
94531
95008
95007
95006
95005
95004
95003
95002
95954
95957
95956
91789
91784
91786
91780
95250
91301
95319
95318
91304
91306
91307
95313
95312
95311
95310
95317
95316
95315
95314
91371
96071
92780
92782
91040
93651
93652
93653
93654
93656
93657
95951
92270
92273
92275
92274
92277
92276
95959
92278
