81403
81401
80728
80729
80930
81025
80720
80721
80836
80723
80830
80831
80832
80833
81121
81120
81123
81027
81125
81124
81126
81129
81020
81242
81243
81244
80123
81022
80121
81138
80615
80610
80611
80612
81334
81335
80759
80758
80209
80207
80206
80205
80204
80751
80750
81239
81235
81623
81237
81236
81231
81230
81233
81232
80501
80503
80504
81089
80290
81058
80118
80294
81087
80113
80112
80111
80110
80117
80116
81057
81081
80526
80478
80479
80475
80476
80477
80470
80471
80473
81624
81610
81625
80210
80747
80744
80742
80743
80805
80804
80807
80801
80740
80802
80650
80651
80652
80653
80654
80808
80809
81225
80624
80621
80620
80623
80622
81653
81652
81650
81657
81656
81655
81654
81301
81303
81146
80834
80835
80722
80432
80433
80434
80435
80436
80438
80439
80938
81006
80538
81004
80550
80726
81001
80023
80530
80021
80020
80027
80026
80025
80024
81248
81122
81241
81435
81434
81433
81432
81431
81430
81331
80444
80447
80446
80440
80443
80442
80449
80448
80926
80927
80924
80925
80922
80923
80920
80921
80840
80928
80929
81132
81133
81130
81131
81136
81137
81503
80727
81507
81506
81505
81504
81036
81084
81128
80520
80218
80219
81615
80521
81612
81611
80749
80746
80211
80212
80745
80214
80215
80216
80741
80133
81226
81227
81224
80525
81222
81223
81220
81221
80293
81024
80104
80105
80106
80107
80101
80102
80103
80108
80109
81049
80264
81040
81041
80260
81044
81045
82063
81043
81047
80401
80403
81091
81090
81092
81425
80310
81637
80816
80817
80814
80701
80812
80813
80810
80705
81330
80818
80819
81332
80755
81149
81148
80754
81143
81141
81140
81147
80757
81144
81501
80203
80202
80221
80220
80223
80222
80224
80227
80226
80229
80228
80634
81082
80631
81648
81649
81645
81646
81647
81640
81641
81642
81643
81620
81621
80030
80031
80033
81033
80528
81030
80138
80135
80134
80137
80136
80131
80130
80524
80132
81428
81429
81422
81423
81424
80829
81426
81427
80828
80015
80456
80457
80454
80455
80452
80453
80451
80459
80012
80913
80911
80910
80917
80916
80915
80914
80919
80918
81101
81416
80010
81520
81523
81601
81007
81005
81212
81211
81210
81003
80481
80480
80483
80482
80487
80022
80488
81077
81076
80532
81073
81071
80535
80534
81008
80536
81240
81059
80011
80419
81039
80005
80004
80007
80003
80002
80951
81411
81410
81413
81038
81415
81050
81419
81418
81052
81055
81054
80304
80305
80302
80303
80301
80823
80822
80821
80820
80827
80825
80824
80737
80736
80735
80734
80733
80731
81154
81155
81151
81152
81525
81524
81527
81526
81253
81252
81251
81522
80232
80233
80230
80231
80236
80237
80234
80235
80603
80602
80238
80239
81639
81638
81328
81323
81630
81321
81320
81327
80601
81325
81324
80537
80517
80516
80515
80514
80045
80512
80511
80510
81029
80128
80129
80126
80127
80124
80125
80122
81021
80120
81023
81631
81633
81632
81635
81326
80463
80461
80815
80467
80466
80465
80469
80468
80864
80863
80862
80861
80860
80908
80909
80904
80905
80906
80907
80902
80903
80649
80648
80645
80644
80643
80642
80640
81201
80939
80497
80498
81062
81063
81064
81067
81069
80249
80241
80247
80246
80016
80017
80513
81521
80014
80427
80426
80425
80424
80423
80422
80421
80420
80540
80428
80549
80018
80019
80544
80545
80546
80547
81019
80013
80542
80543
