06612
06610
06237
06786
06614
06615
06903
06787
06231
06357
06424
06355
06354
06119
06118
06351
06350
06114
06117
06750
06111
06110
06359
06112
06058
06059
06057
06051
06052
06053
06854
06855
06856
06850
06851
06716
06607
06475
06901
06712
06340
06437
06108
06109
06106
06107
06105
06103
06438
06029
06469
06226
06796
06021
06020
06023
06022
06024
06027
06026
06820
06426
06825
06824
06353
06420
06906
06489
06488
06524
06423
06451
06483
06482
06481
06422
06484
06403
06461
06401
06405
06460
06902
06409
06751
06604
06335
06334
06039
06238
06239
06333
06332
06032
06033
06031
06339
06037
06232
06035
06878
06830
06831
06755
06377
06897
06754
06890
06120
06089
06088
06085
06084
06082
06081
06896
06418
06002
06001
06414
06415
06416
06417
06410
06412
06413
06249
06248
06320
06241
06243
06242
06247
06798
06807
06804
06756
06514
06419
06098
06090
06091
06092
06093
06095
06096
06710
06010
06468
06795
06013
06793
06016
06510
06018
06019
06783
06467
06525
06259
06757
06515
06250
06880
06256
06254
06255
06883
06492
06810
06811
06812
06516
06498
06384
06385
06387
06380
06382
06877
06702
06853
06704
06389
06706
06266
06478
06264
06263
06262
06606
06260
06472
06473
06470
06471
06477
06269
06268
06065
06330
06067
06066
06061
06060
06063
06062
06762
06763
06069
06068
06611
06480
06790
06447
06708
06444
06443
06442
06441
06794
06840
06907
06779
06778
06752
06277
06278
06279
06777
06776
06770
06076
06378
06074
06073
06070
06071
06371
06370
06373
06375
06374
06078
06376
06759
06450
06379
06905
06605
06455
06456
06457
06160
06608
06758
06705
06519
06518
06336
06870
06511
06331
06513
06512
06281
06280
06517
06282
06043
06042
06791
06040
06360
06782
06365
06234
06479
06801
06235
06784
06785
