33328
34769
34974
34731
33301
32233
33323
33030
33326
33327
33324
32234
34714
34715
33765
34711
33755
32934
32935
32937
32931
33316
34652
33315
32444
32445
32446
32447
32440
32442
32443
32835
32526
32837
32836
32448
32449
32833
32832
33559
33558
32305
32304
32303
33311
32301
32714
33881
33880
32658
32309
32308
33325
33196
33837
33543
33634
32621
32789
33637
32625
32626
32628
32780
32784
33830
33540
34433
34432
34431
34436
34434
33955
33954
32011
32159
33950
33953
33433
33815
33810
32157
33812
33813
33770
34748
32131
34983
34982
34981
33772
34240
33430
34242
34243
32909
33839
33467
32908
34119
34114
33461
34116
33776
34110
34112
33460
32905
33463
33778
33462
33547
33947
32901
33744
33703
33890
32361
33544
33850
33478
33851
33476
33477
33472
33473
33470
33471
34613
34758
32054
33917
34614
33854
33545
32052
33073
33070
33071
33076
32970
33434
32976
33647
32408
32409
33179
33178
33948
33859
33173
32401
32403
32404
32405
33175
32407
32619
32618
33351
34224
33609
33060
33605
33604
33607
32612
32615
33063
32617
32616
34972
33036
33062
32059
34609
33037
32580
32583
33034
33064
33035
33957
32831
32968
32830
33771
33069
33773
32577
32570
32571
33777
32966
32277
32904
32907
33031
32578
32579
32903
32725
32724
32055
32726
32053
32720
33856
33857
34275
32963
32195
32193
32190
32058
33919
32656
32358
32359
32355
32356
33912
32350
32351
32352
33916
32653
33503
34233
33914
32750
32751
34232
32754
33598
32757
32759
33597
33596
34205
32648
33592
34445
33426
33825
33410
33827
32127
32712
33823
32124
34135
32129
32713
33412
33145
33142
33415
34479
34476
34475
33141
33952
34472
34471
34470
34655
34654
33617
33556
34797
34607
34481
34491
34498
34208
33139
33138
33137
33136
33135
33134
33133
33132
33131
33130
34488
34681
33487
33486
33484
33483
32548
33480
34986
32544
32547
32541
32542
34695
33594
34202
32940
34203
32949
32948
32431
32430
32433
32432
32435
33437
32437
32829
32439
32438
32824
32533
32534
32535
32820
32821
32310
32311
32312
33549
32643
32640
32317
33542
32092
32091
33541
32097
32096
32095
32766
32796
32792
33635
32798
32622
32224
32225
32226
32227
32220
32221
32222
32223
32228
33621
33319
32164
32162
34465
32169
32168
33946
33868
33944
33945
32008
32009
33860
33865
33867
32003
34231
33896
33897
33428
34234
34237
34236
34239
34238
34996
34997
33898
34698
34759
34691
34690
33966
34289
33321
34950
33803
33322
34209
32128
33967
33713
33981
33438
33157
34420
34428
34429
33449
33702
34761
34760
32466
33190
32464
32465
32462
32463
32460
32461
34608
33715
34604
34606
33714
34221
34601
34602
33165
33166
33167
33160
33161
33162
33043
33042
33040
33956
34984
33404
32608
32609
32219
32218
33618
33619
33616
32603
32217
32216
32606
32210
33610
32605
34949
34947
33511
34945
34285
32693
32692
32694
32697
32696
33442
33811
32501
33763
32503
32502
32505
32504
32507
32506
32509
32508
33848
33193
32266
32736
33014
32735
32732
33759
32730
33015
34266
33538
33441
33016
32738
33194
32328
33908
33909
33445
33024
32321
32320
32323
32322
32324
32327
33905
33026
34990
33021
33440
33013
33615
33020
33991
33990
33993
33023
33584
33585
32346
33936
33612
33935
32034
33834
32139
32033
33965
32134
34653
32136
32137
32130
32038
32132
32133
32061
33446
33613
33960
34120
32819
34772
32421
34461
34251
33158
34137
34134
33527
33409
33408
34773
34138
34139
33407
34484
34482
34480
33154
33523
32428
34473
33128
33129
33444
33156
33611
33403
33122
33125
33126
33127
33317
33493
33496
33498
33168
33711
33710
33189
33716
32550
33169
34637
34739
33573
34734
34736
34737
34639
34638
32952
32953
32950
32951
33010
33012
32955
32958
33411
33018
33019
32423
32420
32818
32426
32427
32424
32425
33155
32812
32811
32810
32817
33150
33401
32814
34201
32778
32779
34219
32773
32771
32776
33314
34216
33785
33786
34113
33781
33782
34293
33413
32250
33313
33304
32254
32257
32256
32259
32258
34474
34241
32174
33414
32176
32177
32179
32079
33312
33971
33976
33974
32071
33873
32073
32072
33876
33877
33875
33331
32826
34661
32084
33576
32086
32087
32080
32081
32082
32083
34228
34229
33614
33579
33578
33330
32601
32827
32211
33852
32607
32102
32212
32094
33417
34987
33853
34450
34453
34452
34207
33332
34771
32459
32825
33182
33183
33180
33181
33186
32456
32455
33185
34679
33620
34117
34946
33913
34677
33709
32399
33050
33051
33054
33055
33056
34684
34685
34286
34683
33187
34688
34689
33305
33629
33306
32208
32209
32206
32207
32204
32205
32202
33334
33625
33624
34705
33308
33184
33309
33774
34951
34952
34953
34956
34957
34235
32683
32680
32681
32686
33801
33455
32511
33029
33028
32514
33025
32922
33027
32920
32927
32926
32925
32703
32702
32701
32707
33931
33930
33525
32709
32708
33521
33066
32332
32333
32330
32331
32336
32334
34292
33762
34291
33760
33982
33983
33980
33761
32631
33172
32639
33767
33764
33920
33068
32026
32148
32024
32025
33805
32141
32140
33809
32145
34268
32147
33973
33921
33972
34610
33841
34103
32040
34101
32962
33922
34105
34104
34109
34108
33872
32043
34753
32044
33870
33432
34744
32046
32539
33904
34756
33534
33009
33431
33436
33458
33626
32569
32568
33469
32828
32563
32561
33435
32567
32566
32565
32564
32530
32531
34741
34743
33001
34747
34746
32804
32805
32806
32807
33065
32801
33067
32803
32967
32822
32808
32809
32960
33418
34269
32536
34762
33149
33146
33147
33144
33004
32413
33143
33140
32410
32668
32669
34102
32664
32666
32667
33548
33855
33903
33406
32839
34222
33901
34223
33838
32641
33712
33907
33704
33705
33706
33707
32246
33701
32244
33405
33928
33039
33708
32763
33572
33847
33514
33844
32189
33510
33513
34287
34288
32765
32187
33570
32181
32180
33849
32764
32343
32068
32340
32347
32767
32344
32062
32063
32060
32348
32066
32064
32065
33170
33177
33176
32746
32744
33565
33566
33567
34217
33569
34215
33174
34212
34211
34210
33756
33884
32117
32114
32112
32113
32110
34994
32118
32119
34442
34446
33924
34448
34449
33606
34788
34785
34787
34786
33032
34668
34669
33603
33602
34667
33101
33109
33033
34145
34142
34141
34140
33843
33563
