31907
31768
30757
31210
31558
30428
30429
30420
30421
30423
30425
30426
30427
31623
30117
30411
30218
30410
30213
31068
30217
30216
30215
30214
30446
30516
30517
30510
30511
30512
30513
30442
30518
30519
30458
30108
30107
30106
30457
30104
30103
30102
30101
30452
30677
30673
30708
30678
31316
30288
30289
30284
30285
30286
30281
30601
30602
31778
30605
30354
30607
31773
30609
31771
31775
31774
31553
31552
31551
31419
31009
31008
31555
31554
31005
31795
31007
31006
31001
31003
31002
30707
31624
31796
31627
31626
31805
31078
30076
30075
30072
30071
30070
31070
31071
31072
31622
31075
30079
30078
31307
31304
31305
31302
31303
31301
31527
31308
31309
31096
31097
31094
31092
31093
31090
31091
31098
30630
31781
30327
31750
30326
30558
30559
30413
30412
30415
30417
30552
30553
30554
30555
30557
39834
31698
30329
30328
30631
30322
30633
30635
30634
30324
31823
31822
31821
31820
31827
31826
31825
31738
31735
31733
31730
30157
30529
30528
30152
30153
30525
30256
30527
30253
30252
30251
30522
30747
30746
30028
30740
30742
30024
30025
30021
30022
30808
30809
30807
30805
30802
30803
31756
31824
30730
30731
30733
30734
30735
30736
30738
30739
31601
31606
31605
39842
39851
39819
31548
39815
39813
31018
31019
31041
31516
31042
31045
31044
31047
31046
31049
31546
31519
31518
31404
31547
30259
31012
30258
30257
31543
31211
30521
30520
30523
30250
30168
30165
30164
30161
30741
31699
30560
30563
30562
30565
30564
30567
30566
30680
30568
31906
30683
31901
31903
30118
31510
31503
30448
30449
30110
30445
30114
30115
30116
30441
30666
30667
30664
30665
30662
30663
30660
30701
31790
31793
31792
30705
31794
30668
30669
30455
30454
30105
31764
31765
30456
31649
31648
31647
30451
31645
31643
31642
31641
30450
30204
30205
30206
30453
30363
30360
30014
30017
30016
30011
31549
30013
30012
31016
31017
31014
31015
30019
31542
31011
31780
31533
39867
31779
30060
30062
30064
30066
30067
30068
39866
31331
31829
31784
31537
30401
31798
30314
30582
30581
30629
30238
30622
30234
30620
30621
30627
30624
30625
39861
30310
31602
30311
31720
31721
31722
31830
31831
31832
31833
30248
30120
30122
30125
30124
30538
30126
30536
30537
30534
30535
30533
30530
30531
30756
30058
30755
30752
30753
30750
30751
30052
30055
30054
30056
30833
30830
30350
30334
30336
30337
30331
30332
31207
31206
31757
31204
30338
30339
31201
30606
30907
30906
30905
30904
30903
30220
30901
31772
39823
39827
39826
30909
39824
31811
31052
31501
31050
31051
31057
31054
31055
31058
39841
39840
31550
39817
31904
31557
30710
31556
39846
31410
31411
30178
30179
30176
30177
30175
30173
30170
30171
31638
31415
30572
30573
30571
30576
30577
30575
31639
30473
30471
30470
30477
30475
30474
31788
30650
30309
30308
30655
30305
31783
30307
30306
31787
30303
31711
31804
31807
31712
31801
31714
31803
31716
31650
31808
31905
31637
30273
30275
30274
30277
30276
31513
31520
31512
31539
30004
30005
30002
31023
31022
31021
31020
31027
39862
30008
30009
39854
39877
31545
31629
31625
30094
30097
30096
31620
30093
30092
31328
31329
31324
31326
31327
31320
31321
31322
31323
30821
39897
31079
31544
31630
30828
39885
39886
31631
30439
30438
39859
30436
30434
31076
31077
30187
30185
30184
30183
30182
30228
30180
30224
30222
30223
30189
30188
31789
30656
39828
31220
30132
30137
30134
30135
30501
30139
30507
30506
30504
30824
30711
30820
30721
30822
30823
30043
30040
30041
30046
30047
30044
30045
30293
30292
30291
30290
30297
30296
30295
30294
31634
31747
31632
30341
30340
30342
30345
30344
30346
30349
30127
31744
31213
31743
30619
31217
31409
31408
39836
31565
31562
31563
31560
31561
31401
31405
30628
31407
31406
30912
39870
31069
30623
31067
31066
31065
31064
31063
31062
31061
31060
31315
31314
30236
31313
31312
31749
31318
30230
31085
31084
31087
31806
31081
30233
31083
31082
31815
31089
31088
31719
31216
31566
30149
30148
30313
31567
30143
30141
30147
30145
30144
39837
30464
30467
30460
30461
30549
30548
30547
30546
30545
30543
30542
30541
30540
30648
30318
30319
30316
30317
30646
30315
30312
30641
30642
30643
31568
31569
31816
31814
31701
31812
31707
31810
31705
31709
39825
31763
30263
30260
30265
30268
30269
31836
30033
30032
30030
39845
30035
30034
31522
31523
30039
30038
31029
31524
31525
31028
30818
30815
30814
30817
30816
30810
30813
30812
30121
30726
30725
30088
30720
31636
30087
30084
31635
30082
30083
30080
30728
31532
30113
31535
31791
30240
31025
30241
31024
31909
31035
31036
31037
31030
31031
31032
31033
31038
31039
