96705
96704
96707
96706
96701
96703
96708
96770
96771
96772
96773
96774
96776
96777
96778
96779
96716
96717
96714
96712
96713
96710
96821
96822
96825
96826
96719
96789
96785
96786
96781
96780
96783
96782
96722
96720
96727
96726
96725
96729
96728
96859
96857
96850
96853
96796
96797
96795
96792
96793
96790
96791
96738
96734
96737
96730
96731
96732
96749
96748
96741
96740
96743
96742
96744
96747
96746
96759
96860
96863
96752
96753
96750
96751
96756
96757
96754
96755
96813
96815
96814
96817
96816
96819
96818
96766
96765
96764
96763
96762
96761
96760
96769
96768
