52730
51002
51301
50163
50162
50161
50160
50167
50166
50165
50164
50642
50643
50169
50168
51061
50647
50644
50645
50707
52565
51347
51237
52159
52660
51640
51601
52002
52003
52001
52411
50264
50265
50266
50261
50262
50263
52544
50268
52301
52302
51111
52307
52306
52309
52308
51338
52136
52641
52134
52135
52132
52133
52646
52647
52649
50864
50862
50863
50860
50861
51503
51501
50460
50461
50466
50467
50464
50465
50468
50469
52720
52644
52246
52635
52548
52738
52630
52632
52737
52639
52638
52732
50127
50126
50125
50124
50123
50122
51027
50120
51029
51028
51342
51343
50682
50648
50129
50128
50048
50049
50518
50519
50044
50517
50514
50047
50041
50042
50511
51439
51572
51234
51235
50641
51230
51231
51232
51358
51238
51239
51060
50633
50632
50630
50636
50635
50634
51334
50638
51331
51333
51354
52358
52359
52356
52354
52355
52352
52353
52351
50228
50229
50220
50222
50223
50225
50226
50227
52312
52313
50051
51656
51578
51654
50050
51652
51653
51650
52225
52228
52229
52317
52073
52072
52070
52077
52076
51430
52074
52172
52079
51101
52175
50314
50315
50316
50317
50310
50311
50312
50313
51559
50319
51558
52543
52766
50111
50258
51565
50255
50116
50257
50256
50251
50250
50701
50252
51555
52540
51554
52590
52591
52593
52594
51557
52772
51556
52774
51562
52776
52777
50484
51003
51563
50480
52101
50482
50483
52576
52577
52574
52572
51553
52570
51446
52549
50001
50002
50003
50556
50005
50006
50007
50008
50009
50558
50559
51577
50846
51575
51442
50847
50840
51440
50841
52224
50022
52701
50023
50854
50677
50676
50675
50021
50673
50672
50671
50670
50431
50027
50075
50074
50076
50071
50070
50073
50072
50174
50025
50170
50078
50173
52253
52251
52257
52255
52254
52760
52533
52530
51534
52536
52537
52534
52535
51201
52170
51350
52078
52404
52405
52402
52403
52401
50211
50210
50213
50212
50214
50217
50216
50219
50218
51009
51106
50457
51104
51105
52316
51103
52314
50324
52310
52318
50455
51108
51109
50859
50858
51008
50853
50321
50851
50857
50452
50323
51537
51536
51535
50450
51533
51532
51531
51530
50459
50458
50325
50456
50327
50454
50453
50320
50451
50322
52037
52035
52033
52032
52031
52030
52039
52038
52626
52627
52624
52625
52623
52620
52621
52742
52745
52747
52746
50130
50131
50132
50133
50134
50135
50136
51035
50138
50139
51038
51039
50039
50038
50529
50528
50254
50523
50522
50521
50032
50527
50034
50525
50524
50703
50702
52348
51241
50659
51243
51242
51245
51244
51247
50658
51249
51248
52637
50144
50147
50146
50141
50140
50143
50142
50624
50625
50626
50627
50149
50148
50622
52346
52362
52361
51360
51366
52749
51364
52748
50067
51365
52595
52222
52219
52218
52217
52216
52215
52214
52213
52212
52211
52210
52068
52069
52064
52065
52066
52060
52223
52773
51433
52171
50109
50248
50249
50246
50247
50244
50242
50243
50240
50232
52778
51048
52305
51033
51063
51030
51564
51431
51566
51031
51560
51561
51449
51448
51447
51036
51445
51444
51443
51041
51441
51037
51040
50401
50569
50568
50567
50566
50565
50563
50562
50561
50560
52147
52146
52144
52731
50107
52141
52140
50069
51401
52573
50585
52640
50586
50581
50583
50582
52227
52571
50588
52802
52803
52801
52806
52807
52804
51549
50849
52645
50660
51363
50662
50664
50665
50666
50667
50668
50669
52233
50066
50108
50064
50065
50062
50063
50060
50061
50101
50103
50102
50105
50104
50068
50106
52236
51579
50551
50033
50557
50520
50554
50035
51648
51573
50616
50611
50613
50612
50036
50619
51571
52566
52169
51570
52168
52531
51576
50201
50206
50207
50208
51346
52245
51046
52247
52240
52241
52242
52160
52327
52326
52325
52324
52248
52249
52321
52320
52054
52057
52050
52053
52052
52164
51528
51529
51034
52201
51520
51521
51523
51525
51526
51527
50448
50449
50440
50441
50848
50444
50446
50447
51246
52207
52542
52335
52752
52753
52619
52751
52756
52757
52754
52755
50535
50536
50530
50531
50532
50533
51007
51006
51005
51004
50538
50539
51001
51552
50845
50028
50029
50439
50438
50842
50843
50435
50434
50020
50436
50026
50430
50433
50432
51240
52315
52338
51250
50620
50156
50157
50154
50155
50153
50150
50151
50651
50650
50653
50652
50655
50654
50158
52339
51049
50621
52142
51062
52208
52209
50628
52202
52203
52205
52206
50629
51436
56027
52221
52758
50674
52586
50012
52231
50278
50273
50272
50271
50277
50276
50275
50274
52739
52657
52656
52655
52654
52653
52651
52650
52659
52658
51458
51459
51450
51451
52556
51453
51454
51455
52552
52553
50578
50579
50473
50472
50475
50477
50476
50479
50478
50573
50574
50575
50576
50577
52151
52154
52155
52156
52157
52158
50801
52232
50597
50594
50595
50593
50590
50591
51047
51023
50598
50599
52722
52721
51022
52727
52726
51025
52729
52728
51024
51054
51055
51056
51050
51051
51052
51053
51357
51355
51026
51058
52567
51351
50171
50052
50118
50119
50057
50056
50055
50054
50112
52561
50058
50501
50117
50115
52166
52563
51345
50680
50681
51630
51631
51632
51636
51637
51638
51639
51020
50606
50607
50604
50605
50602
50603
50601
52750
50609
51018
52349
52329
51019
52345
52334
52347
52328
52341
52340
52342
50516
50014
52220
50239
50238
50237
50236
50235
50234
50233
50046
50231
50230
50515
51548
51510
52323
50010
52322
51645
51546
51647
51646
52235
50510
52237
51011
52330
52332
52333
51649
51544
52336
52337
52046
52047
52044
52045
52042
52043
52040
52041
52161
51542
52163
52162
52165
51044
52048
52049
52554
51540
52555
51551
51341
50309
52557
52501
50830
52550
52551
52588
51550
52585
52584
52583
52581
52580
52767
50471
52765
50837
52761
50470
50836
52769
52768
51461
50839
51463
51462
51465
52560
51467
51466
52569
52601
50541
50540
50543
50542
50545
50544
50011
50546
51010
50548
51012
51545
51014
51543
51016
51541
50570
50833
50835
50428
50571
50426
50424
50423
50420
50421
