83338
83810
83605
83332
83333
83330
97910
83336
83337
83334
83335
83454
83444
83445
83446
83634
83440
83632
83442
83443
83835
83526
83525
83524
83448
83449
83639
83520
83209
83651
83204
83202
83203
83201
83622
83611
83623
97913
83610
83624
83627
83702
83431
83539
83433
83612
83435
83434
83626
83436
83530
83615
83824
83533
83822
83535
83536
83537
83703
83628
83239
83238
83617
83705
83629
83233
83232
83709
83542
83237
83236
83235
83234
89832
83825
83874
83328
83876
83837
83823
83548
83120
83834
99128
83821
83422
83423
83226
83227
83220
83221
83424
83223
83813
83812
83428
83429
83228
83815
83814
83655
83654
83657
83656
83549
83302
83301
83545
83544
83547
83546
83541
83540
83543
83455
83637
83636
83704
59847
83804
83805
83806
83801
83802
83803
83633
83714
83808
83809
83251
83250
83253
83252
83255
83254
83849
83713
83706
83646
83311
83312
83313
83314
83643
83316
83641
83318
83554
83555
83552
83553
83648
83650
83836
83523
83839
83826
83830
83522
83871
83870
83873
83872
83833
83716
83638
83811
83243
83241
83246
83244
83245
83401
83402
83404
83406
83845
83672
83671
83670
83677
83676
83642
83847
83342
83341
83340
83347
83346
83344
83832
83349
83348
83860
83861
83866
83867
83864
83420
83631
83868
83869
83278
83277
83276
83274
83272
83271
83669
83666
83660
83661
83111
83354
83355
83350
83352
83353
83858
83857
83856
83855
83854
83852
83851
83850
83501
83827
83712
83647
83261
83262
83263
83644
83619
83645
83468
83469
83466
83467
83464
83465
83462
83463
83460
83616
83286
83287
83285
83283
83281
83321
83320
83323
83322
83325
83324
83327
83848
83602
83421
83686
83687
83452
83840
83841
83842
83843
83844
83451
83846
83427
83601
83604
83425
83607
83218
83215
83214
83217
83450
83211
83210
83213
83212
