61519
60416
60417
61516
61517
60911
60910
60913
60912
60915
60914
60917
60919
60918
61459
61201
60827
60137
60136
60135
60134
60133
60131
60130
60139
62519
62518
62517
62515
62514
62513
62512
62510
60002
60007
60005
60004
60008
62469
62468
62463
62462
62461
62460
62467
62466
62465
60649
60641
60640
60643
60642
60645
60644
60647
60646
62360
62869
62817
62867
62865
62864
62863
62814
62861
62860
62363
62643
62642
62640
62649
62885
62884
62887
62886
62881
62810
62883
62882
62811
62889
62888
62089
62088
62085
62084
62087
62086
62081
62080
62083
62082
62243
62242
62241
62240
62246
62245
62244
62249
62248
61349
61348
61342
61341
61340
61346
61345
61344
61749
61748
61747
61745
61744
61743
61742
61741
61740
60901
61232
61231
61230
61236
61235
61234
61239
61238
61526
61525
61524
61523
61520
61529
61528
60120
60123
60124
60126
60129
62501
60018
60014
60015
60016
60010
60012
60013
61834
61831
61830
61833
61832
61839
62474
62475
62476
62477
62471
62473
62478
62479
60659
60652
60653
60651
60656
60657
60654
60655
62878
62879
62870
62871
62872
62874
62875
62876
62877
62650
62655
62656
62896
62897
62894
62895
62892
62893
62890
62891
62898
62899
61858
62098
62097
62094
62095
62092
62093
62090
62091
62258
62254
62255
62257
62250
62253
61759
61750
61751
61752
61753
61754
61755
61756
60938
60936
60935
60934
60933
60932
60931
60930
61354
61356
61350
61353
61358
61359
61530
61531
61532
61533
61534
61535
61536
61537
60803
61539
60805
60804
60487
60484
60482
60481
60480
61479
61478
60069
60068
61920
60061
60060
60062
60064
60067
61822
61820
61821
61929
62401
61928
60661
60660
60465
60464
60467
60466
60461
60460
60463
60462
60469
60468
62319
62314
62316
62311
62313
62312
62221
62220
62223
62225
62226
61039
61038
61037
61036
61031
61030
61032
60928
60929
60920
60921
60922
60924
60926
60927
61321
61320
61323
61322
61325
61324
61327
61326
61329
61328
61259
61258
61251
61250
61252
61254
61257
61256
60490
60491
62868
62862
62644
60072
60073
60070
60071
60076
60077
60074
61813
61812
61811
61810
61817
61816
61815
61814
61818
62413
62410
62411
62417
62414
62418
62419
60476
60477
60474
60475
60472
60473
60470
60471
60478
60479
62880
62305
62301
62238
62239
62232
62233
62230
62231
62236
62237
62234
61028
61027
61024
61025
61020
61021
61332
61333
61330
61331
61336
61337
61334
61335
61338
61242
61243
61240
61241
61244
62927
62432
60047
60046
60045
60044
60043
60042
60041
60040
62434
60048
62436
61737
61042
61043
61044
61801
61802
61046
61047
62939
62938
62428
62427
62934
62425
62424
62931
62422
62933
62420
60443
60442
60441
60440
60447
60446
60445
60444
60449
60448
62689
62688
62682
62681
62685
62684
62339
62338
62330
62336
62334
62207
62206
62205
62204
62203
62201
62208
61019
61018
61013
61012
61011
61010
61016
61015
61014
61491
61490
62997
61301
62996
61475
61474
61477
61476
61471
61470
61473
61472
60301
60302
60304
60305
62999
62998
61277
61276
61275
61274
61273
61272
61270
61279
61278
60050
60051
60053
60056
61878
61871
61870
61873
61872
61875
61874
61877
61876
62438
62439
62928
62926
62431
62924
62433
62922
62923
62920
62921
60458
60459
60455
60456
60457
60450
60451
60452
60453
62324
62325
62326
62320
62321
62323
62214
62215
62216
62217
62218
62219
62694
62695
62690
62691
62692
62693
61488
61489
61480
61482
61483
61484
61485
61486
61318
61319
63673
61310
61311
61312
61313
61314
61315
61316
61317
61466
61467
61465
61462
61460
61440
61468
61469
61443
61006
61007
61001
61008
60201
60203
60202
61260
61261
61262
61263
61264
61265
60519
60518
60515
60514
60517
60516
60511
60510
60513
60512
61862
61863
61866
61864
61865
60191
60190
60193
60192
60195
60194
62919
62918
62912
62910
62917
62916
62915
62914
60429
61917
61914
61912
61913
61910
61911
60421
60420
60423
60422
60425
60424
61919
61061
62351
62353
62352
62355
62354
62357
62356
62359
62358
62006
62001
62002
62009
61453
61452
61451
61450
61109
61108
61455
61454
61104
61107
61458
61101
61103
61102
61071
61070
61073
61072
61075
61074
61077
61079
61078
61447
61857
61856
61855
61854
61853
61852
61851
61850
60506
60504
60505
60502
60503
61859
60501
60180
60181
60187
60184
60185
60188
60189
60438
60439
61925
61924
60432
60433
60430
60431
60436
60437
60435
60538
62343
62340
62341
62346
62347
62344
62345
62348
62349
60532
62905
62906
62907
62901
62902
62903
62908
62016
62017
62014
62015
62012
62013
62010
62011
62018
62019
61448
61449
61114
61115
61112
61441
61442
61111
60155
60154
61062
61063
61060
60404
61067
61064
61065
60151
61068
60402
60401
61284
61285
61282
61283
61281
60089
60088
60083
60081
60087
60085
60084
61840
61841
61842
61843
61844
61845
61846
61847
61848
61849
60531
60530
60537
60536
60534
60407
60406
60157
60156
60403
60150
60153
60152
60409
60408
61938
61936
61937
61930
61931
61932
61933
62809
62808
62379
62378
62376
62375
62374
62801
62803
62370
62571
62570
62573
62572
60712
60714
62970
62972
62975
62974
62977
62976
62979
62711
62712
62481
62480
62807
62806
62373
62625
62624
62627
62626
62621
62622
62629
62628
62023
62022
62021
62027
62025
62024
62028
61611
61610
61615
61614
61616
61439
61438
61431
61430
61433
61432
61435
61434
61437
61436
61729
61728
61059
61725
61724
61727
61726
61721
61720
62423
61722
61545
61544
61547
61546
61541
61540
61543
61542
61548
62421
60525
60526
60527
60520
60521
60523
60146
60411
60144
60145
60142
60143
60140
60141
60419
60148
61949
61941
61940
61943
61942
61944
60096
60097
60090
60091
60093
60098
60099
62818
62819
62816
62361
62362
62815
62812
62365
62366
62367
62568
62567
62565
62563
62560
62561
60706
60707
62962
62963
62960
62961
62966
62967
62964
62965
62969
62702
62703
62701
62707
62704
62634
62635
62633
62630
62631
62638
62639
62380
62034
62035
62036
62037
62030
62031
62032
62033
61602
61603
61606
61607
61604
61605
61428
61422
61423
61420
61421
61426
61427
61424
61425
61048
61049
61738
61739
61736
61041
61734
61735
61732
61733
61730
61731
61554
61552
61553
61550
61559
60959
60958
60955
60954
60957
60951
60950
60953
60952
60551
60550
60553
60552
60555
60554
60557
60556
60559
60558
60173
60172
60171
60177
60176
60175
60174
60178
61953
61951
61956
61957
61955
62829
62828
60428
62823
62822
62821
62820
62827
62825
62824
62558
62553
62551
62550
62557
62556
62555
62554
62959
62958
62957
62956
62954
62953
62952
62951
62950
60426
60605
60604
60607
60606
60601
60603
60602
60609
60608
60539
62601
62049
62048
62040
62045
62044
62047
62046
60948
60949
60940
60941
62982
61701
62983
61705
61704
61563
61562
61561
61560
61567
61565
61564
61569
61568
61091
61417
61416
61415
61414
61413
61412
61411
61410
60946
60945
60942
61419
61418
60542
60543
60540
60541
60546
60544
60545
60548
60549
60633
60169
60164
60165
60160
60162
60163
62544
62545
62546
62547
62540
62541
62543
62548
62549
62948
62949
62940
62941
62942
62943
62946
62947
60616
60617
60614
60615
60612
60613
60610
60611
60618
60619
62835
62836
62837
62830
62831
62832
62833
62838
62839
62618
62615
62617
62610
62611
62612
62613
62058
62059
62052
62053
62050
62051
62056
62054
61625
61570
61571
61572
61088
61089
61084
61085
61087
61080
61081
61401
60973
60970
60974
61884
61880
61882
61883
60119
60118
60111
60110
60113
60112
60115
62935
62426
62531
62530
62533
62532
62535
62534
62537
62536
62539
62538
62930
60025
61057
60026
60021
60020
60022
62932
60029
61054
61053
61052
61723
61050
62289
62288
62286
62285
62284
62282
62281
62280
62992
62990
62449
62448
62995
62994
62445
62444
62447
62446
62441
62440
62443
62442
60623
60622
60621
60620
60626
60625
60624
60629
60628
62841
62843
62842
62844
62846
62849
62848
62668
62661
62663
62665
62664
62667
62666
62067
62065
62063
62062
62061
62060
62069
62265
62264
62266
62261
62260
62263
62262
62269
62268
61369
61368
61364
61367
61361
61360
61363
61362
61761
61760
61764
61769
61501
60964
60966
60960
60961
60962
60963
60968
60969
60560
60561
60563
60564
60565
60410
60108
60109
60102
60103
60101
60106
60107
60104
62522
62523
62520
62521
62526
60034
60035
60033
60030
60031
60586
60585
62298
62292
62293
62294
62295
62297
62988
62458
62459
62984
62985
62454
62987
62452
62450
62451
60638
60639
60634
60636
60637
60630
60631
60632
61051
62852
62853
62850
62851
62856
62854
62858
62859
62672
62673
62670
62671
62677
62674
62675
62070
62074
62075
62076
62077
62078
62079
62277
62274
62275
62272
62273
62271
62278
62279
61378
61379
61376
61377
61374
61375
61372
61373
61370
61772
61773
61770
61771
61776
61777
61774
61775
61778
60415
