47832
47320
46825
47122
47120
47126
47125
47124
47129
47203
47615
47123
46135
46133
46131
46130
47305
46725
47541
46723
46721
47455
47859
47941
47940
47943
47942
47944
47243
47949
47948
47240
47431
47424
47433
47432
47434
47437
47436
47438
46001
47535
47536
47247
46260
47880
47244
47232
46542
46543
46540
46268
46544
46545
46793
46792
46791
46797
47882
46795
46794
46799
46798
47881
47231
47012
47011
47224
47226
47227
47220
46312
46311
46310
47387
46951
47385
47384
47383
47229
46319
46950
47167
47166
47165
47164
47163
47162
47161
47160
46952
46845
46946
46947
47367
47361
46943
46940
46941
47006
47369
47001
47003
46958
47952
47360
47514
47429
47950
47951
47235
47921
47601
47957
47920
47954
47834
47955
47924
47362
47959
47837
47468
47469
47467
47464
47465
47462
47460
46528
46932
46164
46165
46166
46167
46160
46161
46049
46048
46047
46045
46044
46168
46041
46040
47855
47427
47862
46348
46349
46619
46616
46345
46346
46615
46340
46341
46342
46407
47598
46985
47866
47590
47591
47596
46405
46290
46404
46162
46151
46163
46150
47501
46763
46760
46761
46766
46767
46764
46765
47260
47917
47263
47264
47265
47040
46532
46531
46530
46537
46536
46534
47868
46539
46538
47670
47282
47283
47280
47281
46902
46278
46901
47325
47324
47327
47326
46996
46227
46226
46225
46224
46222
46221
46220
46998
46582
46229
46228
45053
47035
47034
47037
46835
47031
47030
47032
47135
47136
47137
47130
47038
47863
47860
47869
46128
47637
46120
46121
46122
46123
46124
46125
46126
46127
46617
46986
47978
46614
46987
46347
46984
47558
47884
47557
46711
46710
47552
47553
47550
46714
46933
46016
46017
46011
46012
46013
47958
46394
46393
46392
46391
46390
47420
47421
46158
46409
46408
46155
46406
46157
46156
46403
46402
46375
46374
46377
46376
46371
46373
46379
46788
47532
46784
46785
46786
46787
46781
46783
47865
47250
47597
46301
47016
46303
46304
46307
47390
47393
47394
47396
47170
47633
47172
47546
47175
47177
47150
47374
46970
47373
46975
46974
46979
46978
47995
46574
46573
46571
46570
47022
47901
47631
47023
47020
47104
47106
47102
47630
47108
47142
47537
47528
47575
47459
47458
47918
46182
46183
46180
46181
46186
47456
46184
47454
47916
46058
46110
46113
46112
46115
46117
47858
46050
46051
46052
47854
47853
46055
46056
46057
46628
47041
47371
47042
47201
47043
47683
47512
47513
47929
47928
47516
46759
47515
47923
47922
46755
47519
47926
47925
46750
46936
46241
46240
46931
46930
46524
46526
47708
46939
46938
47338
47339
47531
47330
47331
47336
47337
47334
47335
47876
46982
46231
47635
47634
46234
46235
46236
46237
47989
46239
46988
46989
47639
47638
46803
46802
47024
47025
46807
46806
46805
46804
47141
47140
46809
46808
47145
47147
47640
47871
47849
47715
47648
47401
47649
47574
47405
47453
47406
47842
47568
47997
47562
47561
47567
47994
47564
46219
47542
47872
47348
47551
47993
47804
46060
46063
46062
46065
46064
47802
46990
46069
46068
46382
46383
47963
46385
47960
47970
46992
46148
46149
46146
46147
46144
46142
46143
46140
46994
46366
46208
47987
46365
47981
47980
46360
47982
46201
46216
46203
46202
46205
46204
46368
47017
47874
46704
46705
46706
47525
47246
46701
46702
46703
47713
46514
46517
46516
46511
46510
47342
47341
47340
46968
47346
47345
47344
47060
46967
46960
46961
46962
47524
47836
46561
46562
46563
46565
47143
46567
46320
47523
47230
47223
46730
47116
47117
47114
47115
47112
46733
47110
47111
47946
46613
47234
47118
47119
47861
47382
47036
47381
47138
47380
47521
47665
47527
46991
46580
47666
47848
46103
46106
46107
46104
46105
47840
47841
47388
47576
47846
47847
47577
46738
46322
46323
46737
46321
46731
46327
46324
46732
47905
47522
47966
47449
47906
47930
47932
47933
47578
47579
46748
47446
47441
46038
46039
46036
46037
46034
46035
46032
46745
46746
46031
46256
47306
46922
46923
47303
47302
46926
46928
46550
46553
46552
46555
46554
47712
46259
47807
47368
47620
46635
46637
47452
47451
47838
47529
47805
47457
47443
46740
46957
47010
46818
46819
46953
46741
46814
46815
46816
47018
46959
46742
46743
47969
47448
47803
46033
47967
46030
46381
46747
47965
46920
47964
47654
46254
47809
47354
47304
47355
47356
46250
47351
47714
47352
46929
47885
46111
47710
47471
47470
47711
46410
47386
46556
46072
46070
46071
46076
46077
46074
46075
47879
47971
47833
47974
47975
47977
47408
47857
46118
46173
46172
46171
47403
47404
46176
46175
47619
47968
46218
46350
47992
46356
47990
47991
47611
47610
47613
47612
46601
46217
46214
47616
47588
47581
47580
47850
47585
47584
47586
46280
47983
46771
46770
46773
46772
47909
46774
46777
46776
46779
47904
47907
47274
47273
47272
47270
46506
46507
46504
46502
47720
46501
47660
46508
46919
47358
47359
46911
46910
46913
47357
46915
46914
46917
47353
47725
47520
46595
46590
