67143
66777
66776
66775
66773
66772
66771
66770
66779
66778
67659
67578
67579
67576
67574
67467
67572
67573
67570
67420
67480
67658
67073
67072
67071
67070
67074
67701
67882
67332
67671
67673
67333
67675
67674
67950
67951
66429
66428
67954
67401
66423
66422
67159
66427
66425
66424
66959
66958
66940
66953
66952
66951
66956
66955
66941
67218
66224
66227
66226
66221
66220
66223
66550
66045
66044
66047
66046
66041
66040
66043
66042
66724
66725
66049
66048
67575
66749
67751
67628
67753
66030
66031
66032
66033
66035
66039
67756
67650
67757
67651
67039
67038
67037
67036
67035
67031
67030
67490
67584
67583
67581
67629
67626
67625
67622
67623
67621
66870
66871
67109
67108
66404
67103
67101
67107
66407
67105
67104
67363
67361
67360
67364
67442
66016
67505
67441
67446
67447
67444
67445
66403
67437
66402
66618
66619
67215
67214
67213
66780
67211
67210
66610
66611
66612
66614
66615
66616
66617
66008
67432
66002
67431
66007
66006
67846
66869
66868
67842
67843
67840
67841
66863
66862
66861
66860
66866
66865
66864
67530
66506
66507
66501
66502
66503
66508
66509
66714
66717
66716
66711
66710
66713
66712
66531
66526
67501
67106
66760
66761
66762
66763
66767
66769
67548
67543
67439
67547
67448
67545
67544
67449
67065
67066
67067
67060
67061
67062
67063
67147
67146
67144
67068
67142
67140
67443
67436
67663
67660
67661
67667
67664
67665
67669
66944
66945
66946
67430
66539
66538
66942
66943
66535
66534
66537
66536
66948
66949
66533
66532
67801
66548
68325
66621
66549
66622
67741
66540
66541
66542
66543
66544
67483
66546
66547
66056
66758
66054
66052
66053
66050
66751
66753
66755
66754
66058
66756
67740
67487
67484
67485
67482
66434
67743
66436
66431
66432
67481
66438
66439
67644
67836
67028
67029
67216
67020
67021
67022
67023
67024
67025
67026
67634
67745
67637
67212
67747
67631
67834
67744
67749
66757
67748
67632
67114
67117
67110
67111
67112
67118
67119
67059
67058
67055
67054
67057
67056
67051
67050
67053
67052
66901
67831
67752
67565
67202
67203
67204
67205
67206
67207
67208
67209
67758
66018
66019
66409
66408
66872
66873
66012
66013
66010
66406
66401
66017
66014
66015
67871
67870
67877
67876
67879
67878
66970
66080
66083
67337
66085
66087
66086
66088
67844
67475
67474
67473
67470
67850
67478
66701
67952
67953
67458
67648
67649
67849
67672
67640
67344
67835
67642
67010
67013
67012
67017
67016
67019
67018
67152
67154
67155
67156
67645
67647
67459
67357
67230
67232
67235
67355
67839
67880
67351
67554
67556
67557
67550
67552
67450
67657
67124
67127
67654
67653
67120
67123
67122
66838
66930
66933
66932
66935
67340
66528
66936
66830
66527
66524
66833
66834
66835
66520
66521
67457
67511
67456
67513
67514
67838
67347
67330
67150
66209
66208
67334
67335
67336
67151
66203
66202
66207
66206
66205
66204
66062
66748
66060
66067
66066
66064
66743
66740
66741
66746
67901
66849
66845
66846
66840
66843
66842
66061
66441
66440
66115
66442
66112
66111
66449
66118
67452
66211
67349
66554
67491
67455
66552
67492
67568
67454
67564
67567
67566
67561
67560
67563
66728
67735
67518
67519
67737
67049
67510
67047
67512
67045
67042
67515
67516
67041
68978
67732
67260
67301
66720
67733
67738
67643
67601
67764
67762
67761
66801
67417
67416
67410
66418
66419
66416
66417
66414
66415
66412
66413
66411
67868
67869
66968
66966
66967
66964
67867
66962
66963
66960
67863
66092
66093
66090
66091
66097
66094
66095
67837
67460
67464
67466
66075
67468
66733
66732
66736
66735
66734
66739
66738
66073
67546
67219
66027
66026
66025
66024
66023
66021
66020
66782
66783
66938
66781
67853
67002
67003
67001
67004
67005
67859
67008
67009
67862
67217
67228
67438
67639
67638
67635
67223
67220
67553
67226
67227
67418
67656
67428
67559
67521
67520
67523
67522
67525
67524
67138
67526
67529
67137
67134
67135
67132
67133
67646
67131
67356
67345
67354
66518
67352
67353
66839
67451
66512
66510
66517
66516
66515
66514
67864
67346
67865
67341
66214
66215
66216
66217
66210
66937
66212
66213
67860
67342
66218
66219
67861
67734
66939
67736
66451
67730
67731
66609
66608
66607
66606
66605
66604
66603
67739
67427
66078
66079
66522
66076
66070
66071
66072
66523
67855
67854
67857
67851
67422
66858
66859
66856
66857
66854
67423
66852
66853
66850
66851
67149
67502
66101
66102
66103
66104
66105
66106
66109
67425
