41018
41011
40152
40150
40157
41014
40155
41016
41385
41010
41472
41124
41655
41121
41650
42464
41015
41129
41659
40701
42458
42459
41558
41017
40026
41554
41555
42452
41557
42455
42456
41553
40830
40383
40380
42215
40387
40385
41513
40022
40012
40013
40010
40011
40014
41159
40019
40935
40203
40202
40207
40206
40205
40204
40209
40208
41723
41722
41721
40604
41727
41725
41838
41837
40351
41729
41834
41833
41832
41831
40219
42054
42055
42056
42050
40353
42053
42356
42355
42354
42058
42352
42351
42350
40337
40336
40847
40334
40840
40843
40330
40849
40339
42328
42370
40210
40358
40448
42372
40440
40442
40445
40444
40447
41828
42633
42634
42635
42638
42376
42223
42733
42220
41630
41348
42724
40988
41821
40982
40983
41825
41231
41230
42647
41232
41234
42642
42124
41238
41332
42127
42120
42122
42123
41046
41168
41044
40068
41042
41043
41040
41041
40063
40062
40060
40067
41164
40065
41049
42076
42788
42463
41425
42462
41421
40119
40118
40117
40115
40111
40110
41766
41764
41763
41762
41760
40360
40361
40363
42461
41564
41567
41566
41560
41563
41562
41604
41605
41606
41607
42784
41568
41602
41603
42544
40854
41601
42431
40743
40964
40965
40962
40744
40801
42516
40807
40806
41653
40489
40484
40486
40481
42436
41739
41861
41862
42519
42349
42743
42301
42303
42266
42265
42437
42262
42261
40245
40243
40242
40241
42064
42066
42061
42060
41559
42285
42286
42280
41268
41267
41264
41265
41262
41263
41260
42450
42451
41503
42541
42141
40419
42160
42163
42164
41501
42166
40808
40059
40740
42321
42764
40741
42762
42411
42602
41008
40831
41002
41003
41001
41006
41007
41004
41005
41390
41397
41091
41093
41092
41095
41094
41097
41099
41098
41171
41301
41464
41465
41640
41642
41135
41132
41645
41647
41649
40737
40734
41528
42501
38079
41522
41524
41527
41526
40939
40144
40145
40146
40140
40142
40143
40923
40025
40921
40023
40927
40020
40356
40218
40350
40601
40214
40215
40216
40217
40359
40211
40212
40213
41635
41636
41631
40160
41632
41735
41822
40161
41824
41731
41826
42021
42020
42023
42022
42025
42024
42027
42029
42028
42343
42344
42345
42347
40856
40322
40855
40324
40328
40280
40858
40513
40511
40510
40517
40516
40515
40514
40456
42234
42103
42236
41859
41858
42232
41855
42728
42729
42339
42338
42453
42722
42337
42721
42726
42330
42333
42332
42159
41352
42567
42631
41222
41226
42653
41224
42151
42153
42154
42157
42156
41073
41071
41179
41076
41075
41074
40175
40177
40176
40171
40170
41174
41175
41836
41835
40108
40109
42069
40104
40107
41772
41773
41774
41775
41776
41777
40311
40310
40313
40312
40316
42758
41572
41571
42051
40953
40075
40818
40819
40070
40071
40813
40810
40958
40816
40771
40815
40220
40223
40222
40229
40228
42420
41810
41812
41701
41817
41819
42371
40845
41751
42374
40844
42378
42273
42274
42275
42276
42078
42079
40258
41815
42071
41250
41257
41256
41255
41254
40422
42753
41669
42757
42754
42204
42207
42206
42202
41408
41102
42553
42445
41083
41080
41086
41085
42442
42104
41311
42102
41317
41314
42101
40827
41101
40049
40048
40826
40045
40047
40046
40041
40040
40874
41538
41539
42539
41531
42533
41537
41534
41535
40915
40914
40913
40870
42167
41035
41034
41033
41031
41030
40031
40033
40036
40037
40346
40347
40342
40348
41749
41512
41622
41621
41740
41745
40178
42032
42409
42031
42036
40291
40769
42038
42039
40299
42404
40863
40862
42765
40865
40868
40729
41142
40464
41141
40461
40460
40468
40508
40509
40504
40505
40506
40507
42603
40502
40503
42717
42240
42715
42713
42712
41848
41849
41847
41844
41845
41843
41840
42718
42087
42086
42085
42084
42083
42082
42081
42326
42327
42324
42325
42322
42323
42320
42088
41360
41367
41366
41365
41219
41216
42140
41214
41064
40165
40162
41062
41063
42731
42732
42348
41039
42259
41543
42565
42566
41540
41547
41544
41663
41660
41548
41666
41667
42441
42440
40391
40390
40824
40823
40820
40829
40828
41146
40003
41144
41143
40004
40007
40006
40009
40008
40946
40763
40940
40941
41149
40943
40231
41714
41712
41713
41804
41719
42361
42366
42367
42368
42369
40949
42049
42048
42041
42040
42047
42045
42044
42518
40434
40437
42629
42748
42749
42217
42214
41746
42740
42741
42210
42211
42408
40997
40995
42037
42035
42133
42130
41240
42134
41055
41056
41051
40058
41052
40056
40057
40055
40052
40050
40051
42528
41643
40902
40903
40906
41339
41189
40121
42782
41183
41180
42129
40372
40371
40370
40376
40374
40272
40379
41612
41759
42410
41616
41615
42413
41619
41139
41754
42746
42171
42503
42649
42003
42001
40977
40972
40759
40979
40873
41169
40472
40475
40069
41045
41514
41839
42701
42256
42254
41517
40076
40077
41519
42716
41274
41271
40404
41048
40403
40402
41166
40409
41059
42170
40078
42776
42406
41201
41203
41204
