70363
70448
70360
70364
70442
70443
70441
70446
70447
70444
70445
70449
71261
71260
71263
71264
71266
71269
71268
70740
70743
70744
70747
70749
70748
71345
71342
71343
71340
71341
71008
71001
71003
71004
71007
71006
71469
71468
71467
71447
71465
71463
71462
71461
71485
71486
71480
71483
70549
70548
70543
70542
70541
70092
70546
70544
70065
70067
70062
70068
70719
70714
70715
70712
70710
70711
70392
70393
70390
70391
70397
70394
70395
70662
70663
70660
70661
70665
70668
70669
70433
71282
70431
71129
70437
70436
70435
71259
70438
71346
70808
70809
70130
70802
70803
70801
70806
70807
70805
71238
71237
71234
71235
71232
71233
71055
71052
71051
71435
71430
71432
71433
71438
71439
70591
70592
70611
70615
70114
70115
70116
70117
70112
70113
70118
70119
70058
70508
70507
70506
70057
70056
70051
70050
70501
70052
70374
70375
70377
70372
70373
70529
71272
71270
71276
71277
71275
71279
70752
70753
70750
71378
70756
70757
70754
70755
71373
71371
70131
71377
71375
70356
71018
71019
71409
70357
71405
71404
71407
71406
71016
71403
71082
71479
70471
71472
71473
71474
71466
70359
70515
70516
70517
70082
70083
70080
70086
70087
70084
70085
70729
70723
70722
70721
70726
70725
71339
71336
71334
71333
71331
70554
70555
70556
70129
70128
70659
70658
70657
70656
70655
70654
70653
70652
70651
70650
70345
70344
70346
70341
70340
70343
70342
71295
70426
70427
70420
71291
70422
70139
71209
71203
70339
71201
71063
71061
71060
71067
71065
71064
71069
71068
71350
71441
71115
71112
71111
71110
71449
70091
71119
71118
71368
70560
70563
70163
70518
70519
70049
70510
70047
70512
70513
70514
70043
70040
70041
70301
71366
71367
71360
71362
71247
71245
71243
71369
71241
70605
70607
70601
70769
70090
70767
70550
70764
70763
70762
70761
70760
70552
71418
71419
71416
71417
71414
71410
70094
70785
70125
70787
70780
70783
70124
71411
70789
70788
70126
70558
70559
70460
70461
70462
70463
70464
70465
70466
70122
70836
70782
71027
71024
71023
71021
71456
71029
71028
71454
71455
71292
70002
70003
70001
70006
70005
70503
70053
70639
70638
70634
70637
70631
70630
70633
70632
71328
71322
71323
71325
71326
71327
70648
70520
70523
70525
70524
70526
70640
70528
70643
70644
70645
70646
70647
70820
70458
70354
70355
70352
70353
70451
70450
70453
70452
70455
70454
70358
70456
71219
70734
70736
70737
70730
71358
70732
70733
71355
71354
71357
71356
71351
70739
71353
71078
71079
71075
71070
71071
71072
71073
71452
71101
71450
71103
71104
71105
71106
71107
71108
71109
71459
71202
70127
70578
70576
70577
70575
70570
71749
70121
70079
70072
70071
70070
70076
70075
71302
71303
70706
71301
70380
70759
70123
71316
71250
71251
71253
71254
71256
70778
70770
70772
70773
70774
70775
70776
70777
71429
70402
70403
70401
71423
71422
71427
71426
71425
71424
70819
70818
70791
70811
70810
70812
70815
70814
70817
70816
71229
71225
71227
71226
71457
71220
71223
71222
71045
71044
71047
71046
71040
71043
71401
71049
71048
71030
71031
71032
71033
71034
71037
71038
71039
71280
71286
70039
70038
70037
70036
70032
70031
70030
70586
70585
70584
70583
70582
70581
70580
71446
70589
70532
70533
70531
70537
70534
70535
70538
