02368
02670
01086
02108
02109
02675
02482
02476
02474
02472
02481
02771
02770
02478
01420
01588
01583
01850
01581
01852
01854
01585
01257
01256
01255
01254
01253
02030
02038
01258
01095
01094
01097
01096
02601
01093
01092
01151
02210
02215
02726
02359
01518
01519
01453
01452
01515
01516
01510
02356
02671
02672
02673
01730
01731
02347
02777
01026
01027
01020
01022
01028
01029
01970
02379
02779
01749
01748
01745
01747
01746
01741
01740
01742
01890
02743
02171
02170
02176
01118
01119
02071
02649
02648
02724
02725
02723
02720
02721
02641
02643
02642
02645
02644
02647
02646
01226
01550
01803
01801
01367
01366
01364
01360
01368
02538
01201
01339
02542
02543
02540
01525
01524
01527
01521
01520
01523
01522
01529
01331
01930
02790
02186
01937
02184
01938
02189
01068
01069
01702
01060
01062
01063
01066
02136
01985
02035
01983
01982
02131
02130
02032
02139
02138
01011
01010
01013
01012
02769
02446
02445
02762
02763
02760
02766
02767
02764
01590
02739
01259
01843
01840
01841
01844
01845
01240
01242
01243
01244
01245
01247
01129
01128
01084
01085
01082
01083
01080
01081
01088
01089
02144
01346
02346
02145
02341
02343
02142
01569
01568
01440
01561
01560
01562
01564
01566
01235
01237
01236
01338
01230
01337
01330
01238
01109
02066
02780
02539
02148
02532
02537
02536
02535
02534
02861
02149
02666
02382
01050
01949
01054
01057
01056
01940
01945
01944
01756
01757
01754
01752
02738
01886
01887
01880
02047
02045
02043
02668
02048
02169
01851
02163
02713
02466
02135
02715
02652
02653
02650
02651
02657
02655
01833
01832
02134
01830
01835
01834
01451
02302
01450
01370
01373
01375
01376
01199
01378
01379
01053
01270
02703
02351
01542
02324
02357
02180
02576
02575
02571
01536
01537
01534
01535
01532
01531
02375
02370
01301
02188
01908
01907
01906
01905
01904
01902
01901
01718
01719
01701
02150
02120
02121
02122
02124
02125
02126
02127
02128
02129
02081
01008
01009
01007
01005
01002
01003
01001
02458
02459
02457
02451
02452
02453
01876
01879
02155
02151
02019
02152
02330
02333
02332
02339
02338
01473
01475
01474
01570
01571
01349
01224
01225
01222
01223
01220
01341
01340
01343
01342
01344
01347
01229
01612
01611
01610
01950
01951
01952
01040
02492
02493
02494
02791
01760
02050
02052
02053
02054
02056
02119
02118
02664
02663
02660
02111
02110
02113
02115
02114
02669
02116
02465
02464
02467
01984
02461
02460
02462
02468
02702
02132
01436
01434
01432
01431
01430
01824
01826
01827
01821
01438
02025
02026
02021
02659
01262
02717
01260
01266
01267
01264
02568
02203
02561
02562
02563
02564
02719
01503
01501
02718
01507
01506
01505
01504
02366
02367
02364
02360
02191
01913
01915
01721
01720
02199
02090
02093
01969
01966
01960
02740
01039
01038
02744
02745
02746
02747
01033
01032
01031
01030
01037
01036
01035
01034
02584
02421
02420
01860
01862
01863
01864
01079
01867
02301
01107
01106
01105
01104
01103
02143
02140
02141
02061
01073
02062
02748
02067
01108
02638
02639
02635
02637
02630
02631
02632
02633
02322
01545
01543
01810
01541
01540
01468
01469
01464
01467
01460
01462
01463
02667
01350
01351
01354
01355
02072
01608
01609
02553
02554
02557
02556
02559
02558
01602
01603
01604
01605
01606
01607
01921
02190
01923
01922
01929
01775
01776
01770
01772
01773
01077
01075
01074
01778
01072
01071
01070
01098
