20910
20912
21784
21864
21865
21562
21561
21863
21767
21766
21409
21762
21405
21783
21861
21769
21401
21402
21403
21648
21902
21782
21668
21669
21102
21105
21104
21838
21660
21108
21662
21663
21664
21665
21666
21667
21060
21061
21628
21830
20744
20745
20746
20747
20740
20742
20743
20626
20625
20624
20623
20622
20621
20620
21208
21209
21619
21202
21617
21201
21206
21207
21613
21205
21921
21920
21723
21722
21727
21538
21539
21536
21530
21531
21532
21704
21703
21702
21701
21028
21029
21890
20639
21651
21650
21653
21652
21655
21654
21657
20879
21659
21658
20874
21793
20872
20705
20706
20871
21093
21158
21090
21156
21157
21154
21155
21152
21153
21801
21802
21804
20674
20675
20676
20677
20670
21236
20678
21234
20779
20778
21826
20774
20777
20776
20770
20772
20737
21230
21777
20906
20904
20905
20902
20903
20901
21239
20689
20688
21774
21773
21770
21771
20680
20685
20684
20687
20686
20708
21867
21874
21871
20878
21502
21872
20876
20701
21113
21111
21117
21114
21794
21835
21837
21795
21053
21052
21051
21050
21057
21056
21054
20659
20736
21237
20886
20733
20732
20735
20882
21231
20880
20630
20632
20634
20636
20637
21903
21607
21601
21930
20832
20833
21286
20837
21661
20838
20839
21840
21841
21790
21842
20645
20646
20640
21738
21733
21737
21734
21541
21540
21543
21542
21545
21017
21015
21014
21013
21012
21010
21779
21746
21866
21643
21640
21641
21862
21647
21644
21645
21901
20842
20841
21649
21904
21869
21082
21084
21085
21087
21163
21162
21161
21160
20601
20603
20602
20607
20606
20609
20608
21798
20769
20764
20765
20762
20763
20707
21742
21740
20629
20692
20693
20690
20628
20695
20748
21875
21044
21045
21046
21047
21040
21042
21043
21822
21821
21048
21122
21824
21120
21788
21610
21204
21612
21220
20723
20720
21223
21224
21225
20724
21227
21228
21229
21221
20860
21639
21638
21781
21632
21631
20710
21636
21635
21634
21791
21222
21918
21705
20794
21251
21250
20658
21252
20657
20653
20650
21140
21912
21913
21911
21916
21917
21914
21226
21550
21557
21555
21009
21001
21005
21829
21797
21849
21817
21128
21853
21776
21851
21850
21856
21679
21678
21677
21676
21675
21810
21673
21672
21671
21915
21078
21075
21074
21077
21076
21071
20612
20613
20611
20616
20617
20615
20618
20619
20714
21219
21218
20759
20758
21778
21211
21210
20751
21212
21215
21214
20755
20754
20854
20855
20850
20851
20852
20853
20712
21758
21711
21754
21755
21756
21757
21750
20782
21713
21714
21919
21716
21719
21523
21522
21521
21520
21524
21529
21031
21030
21032
21035
21034
21037
21036
21130
21131
21132
21133
21136
21625
21624
20722
21626
21627
21620
20868
21622
21623
21787
20716
20715
20866
20861
21629
20711
20862
20721
21144
21146
21213
20895
20896
20818
21814
21813
21217
21811
20899
20812
21216
20814
20815
20816
20817
21780
21710
20781
21244
20783
20784
20785
21240
21717
21718
20662
20660
20667
20664
20877
