04562
04563
04564
04568
04649
04648
04643
04642
04640
04646
04645
04644
04992
04858
04859
04856
04854
04855
04852
04853
04851
04364
04360
04363
04240
04027
04024
04022
04021
04020
04786
04787
04785
04783
04029
04781
04418
04419
04416
04417
04414
04415
04412
04413
04410
04411
04092
04093
04090
04091
04096
04097
04095
04733
04732
04730
04736
04735
04734
04739
04359
04358
04609
04607
04606
04605
04351
04350
04353
04352
04354
04958
04554
04953
04952
04951
04950
04957
04956
04955
04101
04102
04103
04456
04457
04106
04455
04108
04109
04459
04691
04693
04694
04216
04217
04210
04219
04777
04776
04774
04773
04772
04779
04963
04079
04074
04076
04071
04072
04073
04780
04628
04918
04917
04915
04912
04911
04910
04654
04655
04657
04650
04228
04652
04653
04224
04227
04226
04221
04220
04551
04222
04981
04982
04983
04984
04985
04986
04987
04863
04862
04861
04860
04864
04258
04259
04250
04252
04253
04254
04255
04256
04257
04030
04478
04032
04037
04038
04039
04429
04428
04422
04421
04427
04426
04424
04578
04047
04046
04041
04040
04043
04042
04049
04048
04627
04626
04236
04541
04619
04348
04349
04346
04611
04612
04613
04614
04343
04616
04617
04944
04945
04947
04940
04941
04942
04943
04547
04949
04469
04468
04464
04463
04462
04461
04460
04669
04668
04664
04667
04666
04660
04662
04261
04260
04263
04265
04267
04347
04268
04344
04760
04761
04762
04345
04764
04765
04766
04768
04342
04009
04008
04001
04003
04002
04005
04006
04069
04485
04487
04068
04481
04489
04488
04553
04901
04548
04623
04622
04625
04624
04238
04239
04629
04237
04234
04543
04544
04231
04406
04979
04978
04975
04974
04976
04971
04970
04973
03905
03904
03907
03906
03901
03903
03902
03909
03908
04434
04435
04430
04431
04438
04282
04281
04280
04287
04286
04285
04284
04535
04289
04530
04539
04538
04056
04758
04055
04050
04051
04750
04537
04757
04756
03579
04658
04930
04933
04932
04937
04936
04939
04938
04558
04556
04555
04571
04479
04573
04572
04575
04574
04576
04579
04471
04472
04473
04474
04475
04476
04679
04676
04677
04674
04675
04673
04671
04849
04848
04847
04841
04843
04270
04271
04276
04274
04275
04019
04408
04010
04011
04401
04017
04015
04355
04083
04085
04084
04087
04086
04088
04357
04496
04497
04495
04492
04493
04490
04491
04988
04989
04763
04769
04630
04631
04637
04634
04635
04969
04966
04967
04964
04965
04962
04920
04961
03910
03911
04330
04441
04443
04442
04444
04110
04449
04448
04686
04685
04684
04683
04681
04680
04294
04290
04292
04063
04062
04061
04066
04064
04742
04743
04740
04741
04746
04747
04745
04057
04453
04450
04451
04105
04454
04107
04922
04923
04570
04921
04926
04927
04924
04925
04928
04929
