48117
48116
48114
48445
48444
48111
48440
48449
49910
49894
49412
48118
49345
48416
49347
48442
49341
49340
49343
48529
49424
49425
49426
49349
48146
49839
49423
48412
48446
48658
48141
49097
48892
48893
48890
48143
48896
48897
48894
48895
49829
48063
48062
48748
48060
48067
48066
48065
48064
48742
48743
48069
48741
48746
48747
48744
48745
49903
49837
49637
49819
49905
49344
49782
49835
49119
49346
49428
49636
49519
49831
49048
49046
49047
49512
49045
49042
49043
49040
49861
49965
48729
49245
49420
49348
49838
49630
49601
49769
49768
49766
49765
49764
49762
49760
49967
48921
49288
49289
49282
49283
49284
49285
49286
49287
49460
49327
54540
49464
49942
54554
49325
48130
49267
48649
49265
49262
49263
49261
49241
48642
48393
48640
48647
49304
48397
49269
48627
48858
48856
48857
48854
48239
48852
48853
48850
48851
48629
49891
48367
48360
48362
48237
48243
48242
48240
48027
48026
48025
48023
48022
48021
49751
48028
49415
49946
49417
49411
49329
48418
48419
48144
48145
48414
48415
48140
48413
48411
48891
49781
49780
49783
48875
49864
49866
49788
49862
49863
48092
48093
48091
48096
48097
48094
48095
49248
48098
49686
49249
49718
49740
49680
49440
48873
49892
48733
48732
48731
48730
48737
49682
48735
48734
48739
48738
49715
49747
49240
49895
49339
48879
48346
49710
49748
49648
49649
49525
49640
48614
48213
49643
49644
49645
49130
48616
48617
49002
48749
49006
49007
49004
49008
49009
49834
49735
49736
48359
49628
48609
49733
48607
48357
48356
48603
48350
48353
48813
49228
48811
48816
48817
48815
49635
49634
48818
48819
49631
48740
49224
49632
48823
49623
48328
48329
49722
49620
48320
48322
48323
48324
48326
48327
48101
48450
48103
48104
48105
48454
48455
48108
48109
48458
49901
49459
49458
48519
49825
49826
49827
49451
49450
49453
49452
49405
49454
49457
49456
48214
48215
48216
48217
48210
48211
48212
48198
48197
48195
48193
48192
48191
48190
49908
48770
49611
49727
48174
48177
48176
48079
48173
48074
48075
48076
48070
48071
48072
48073
49855
49854
49918
49919
49853
49852
49915
49726
49917
49310
49858
49912
49913
49725
49642
49268
49688
49079
49078
49330
49073
49072
49071
49070
49076
49075
49074
49870
49646
49431
48453
49970
49332
49670
49878
49675
49674
49677
49676
49679
49774
49775
49776
49777
48917
48915
48912
48911
48910
49911
48502
48503
49504
48125
49779
48654
48655
48656
48657
48229
48651
48652
48653
48225
48224
48227
48554
48553
48220
48223
48462
49253
49252
49251
49250
49709
49256
49255
49254
48382
48383
48380
48381
48386
49315
49836
48861
48860
48867
48866
48865
48864
48310
48313
48312
48315
48314
48317
48316
48030
48032
48033
48034
48035
48036
48038
48039
48139
48138
48429
48428
49402
49403
49401
48423
48650
48421
48420
48427
48426
48137
48228
49796
49818
49795
49793
49408
49791
49446
49812
49815
49814
49817
49799
49001
49338
49445
49617
48226
48221
48659
48045
48044
48047
49690
48041
48551
48043
48042
48724
48725
48726
48727
48049
48048
48722
48723
49616
49927
49921
49920
49922
49929
49318
49309
49319
49615
49534
49103
49102
49101
49107
49106
49770
49104
49312
49730
49259
49896
49706
49902
49316
49833
49038
49037
49036
49034
49033
49032
49031
49030
48618
48619
49743
48604
49745
49744
48348
49746
48610
48611
48612
48613
48342
48615
48340
48341
48601
48829
49629
48827
49627
48825
49625
48602
48822
48821
48820
49419
49719
49229
49639
49638
48504
48505
48506
48507
48469
48468
48467
48466
48465
48464
48463
48509
48461
48460
49749
49448
49449
49442
48667
49441
48661
49220
49444
48662
49717
49221
49227
48188
48189
49633
48180
48182
48183
48184
48185
48186
48187
48760
48761
48762
48763
48765
48766
48767
48768
49934
48009
48167
48164
48165
48162
48160
48161
48001
48003
48002
48005
48168
48006
49969
48166
49840
49841
49961
49960
49963
49962
49948
49848
49849
49712
48710
49546
49713
49303
49657
49868
48169
49655
49663
49660
49654
49666
49667
48441
49665
49668
49099
49098
49544
49548
49091
49090
49093
49092
49095
49094
48906
49096
49406
49404
49064
49065
49066
49067
49060
49061
49068
49955
48621
49326
48623
48622
48625
48624
48238
48626
48236
48628
48234
48235
48233
48230
49328
48874
48131
48876
48451
48870
48871
48872
48422
49716
48456
49246
49247
48878
48133
49242
48457
48135
49323
48134
48302
49507
48301
48306
48307
48304
49626
48309
49505
48434
48435
48436
48437
48430
48432
48433
49322
49503
48438
48439
49621
48128
49689
49437
49436
49435
49434
48122
48120
48126
48127
48124
48532
49820
49808
49321
49821
49802
49801
49806
49807
49805
48889
48888
49880
49418
48881
48880
48883
49968
48885
48884
48886
49950
49320
49461
49971
48759
48054
48050
48051
48750
49816
48755
48754
48757
48059
49893
49935
49930
49931
49333
49455
49684
49938
49622
49230
49738
49952
49058
49509
49508
49055
49506
49057
49056
49051
49050
49053
49052
49953
48842
49266
49264
49028
49029
49342
49021
49022
49024
49026
49027
49752
49201
49202
49203
49756
49757
49331
49881
48371
48370
48377
48209
48375
48374
48838
49301
48933
48208
48390
49613
48831
48832
48834
48835
48836
48837
49302
49336
49305
49337
49421
49115
49116
49117
49111
49112
49113
49306
48638
48470
48471
48472
48473
48475
48476
49274
49277
49276
49271
49270
49272
49279
49883
48849
48848
48845
48218
48847
48846
48841
48840
48843
48219
49705
49683
49958
48728
49307
48040
49721
48855
49753
49959
48152
48150
48157
48154
48159
48158
48401
48017
48014
48015
49873
49872
49871
49720
49877
49876
49874
48720
49879
49755
49707
48721
48081
48080
48083
48082
48085
48084
48089
48088
49724
49886
49925
49759
48363
48706
48705
49335
48703
48701
48756
49887
48708
49701
49619
49618
49822
49884
48417
48170
49129
49128
49659
49125
49656
49127
49126
49653
49120
49651
49650
49088
49089
49885
49612
49082
49083
49080
49087
49084
49085
49664
48179
48877
48178
49011
49010
49013
49012
49015
49014
49017
49614
48632
48633
48630
48631
48636
48637
48634
48635
48203
48202
48201
49847
48207
48206
48205
48204
48801
49238
49729
49728
48807
48806
48809
48808
49233
49232
49235
49234
49237
49236
49947
49945
48336
48335
48334
49916
48331
49410
