55349
55344
55345
55346
55347
55340
55341
55342
55343
56711
58225
56132
56401
56542
55616
55760
56131
55766
55767
55764
55765
55768
55769
55614
56137
56583
56581
55615
56239
56586
56585
56584
56235
55612
56237
56236
56231
56230
55613
56627
55909
55902
56576
55901
55906
56501
55904
55905
56629
56601
55991
55990
56123
55992
56125
56127
56129
56128
56534
56243
56244
56245
56659
56521
56756
56058
56754
56755
56750
56751
56051
56050
56052
56055
56054
56057
56056
56760
56520
56248
56479
56334
56335
56336
56330
56331
56332
56212
56523
56338
56339
56276
56172
56630
55090
56473
55092
56472
55128
55129
56580
56292
55120
55121
55122
55123
55124
55125
55126
55127
56297
56296
56587
55719
55718
56295
55713
55712
55711
55710
55717
55716
56650
56623
56657
55014
55016
55017
55011
55012
55398
55397
55396
55395
55018
55019
55391
55390
55409
55408
55155
55406
55405
55404
55403
55402
55401
55375
55374
55376
55371
55370
55373
55372
56176
56177
56174
56175
55379
55378
56170
56171
56621
56714
55784
55785
55786
55787
55780
55781
55782
55783
56572
56573
56570
56571
56280
56577
56574
56575
56578
56579
55301
55302
55303
55304
55305
55306
55307
55308
55309
56470
56477
56475
56474
56653
56652
56651
56122
56309
56308
56655
56654
56304
56307
56658
56301
56628
56303
56715
55973
55972
55971
55970
55977
55976
55975
55974
56240
55979
55430
56271
56270
56273
55431
56589
56274
56277
56241
56279
56278
56373
56374
56375
56376
56377
56666
56007
56588
56003
56001
56626
57026
56009
56232
55438
56758
56098
56594
56097
56096
56091
56090
56093
55111
55110
55113
55112
55115
55114
55117
55116
55119
55051
55052
55053
55054
55055
55056
55057
56721
55339
55338
55331
55330
55333
55332
55335
55334
55337
55336
56371
56720
56438
56437
56436
56435
56434
56433
56431
55454
55455
55029
55758
55757
55024
55027
55026
55021
55752
55751
55750
56187
55936
55935
55934
55933
55932
55931
56180
56226
56227
56224
56225
56222
56223
55939
56221
56661
55357
56121
56759
56120
55982
55983
55981
56136
55987
56134
55985
56138
56139
55359
56763
56762
56048
55358
55763
56042
56043
56041
56046
56047
56044
56045
55803
55802
56291
55807
55806
55805
55804
55808
56535
56567
56533
56340
56343
56342
56345
56347
56681
56349
56531
56683
56757
56685
55329
56734
56118
56119
56729
55735
57068
55089
55736
56448
56728
56449
56446
55733
56447
55732
55388
55389
55063
55065
55066
55069
55381
55382
55384
55385
55386
55387
55418
55419
56116
55410
55411
55412
55413
55414
55415
55416
55417
55366
55367
55364
55362
55363
55360
56667
56143
56142
56141
56140
56147
56146
55368
55369
56464
56117
56466
56467
56461
56549
56548
56547
56546
56545
56544
56468
56469
56541
56540
55704
55705
55706
55707
55702
55703
55708
55709
56220
56649
56318
56319
56316
56314
56315
56312
56313
56310
56311
55968
55969
55964
55965
55967
55960
55961
55962
55963
56378
55947
56185
56680
56262
56263
56260
56266
56267
56264
56265
56033
56032
56031
56037
56036
56035
56034
56039
56281
56484
55748
55749
56727
56726
56725
56724
56723
56722
56088
56089
56087
56085
56082
56083
56080
56081
55038
55060
56634
55036
56637
55037
56636
55102
55103
55101
55106
55107
55104
55105
55032
55108
55109
56741
57030
55030
55068
56748
55082
55328
55080
55087
55738
55085
55084
55322
55734
55320
55088
55731
55327
55324
55325
56218
51360
56425
55421
55420
55423
55422
55425
55424
55427
55426
55429
55428
55742
55744
55033
55746
55031
55920
55921
55922
55923
55924
55925
55926
55927
55929
56211
56210
56216
56215
56214
56173
56514
56515
56516
56517
56510
56511
56363
56518
56519
56362
56458
55118
56455
56456
56293
56450
56101
56452
56676
56671
56670
56294
56672
56149
55955
55954
55957
55956
55951
55950
55953
55952
55814
56285
56287
55810
55811
55812
56283
56352
56353
56350
56356
56357
56354
56355
56529
56358
56359
56528
56258
56669
56525
56145
56524
56144
56527
56482
56384
56253
56252
56075
56074
56073
56072
56071
56078
56536
55072
55073
55070
55071
55076
55077
55074
55075
55079
56678
56537
55353
55352
55350
55609
55356
55355
55354
55605
55604
55607
55606
55601
55603
55602
56550
56551
56552
56553
56554
56556
56557
55771
55772
55775
56453
55779
56639
56329
56328
56323
56543
56321
56320
56327
56326
56325
56324
55919
55918
55910
55912
55917
56673
56155
56156
56157
56150
56151
56152
56153
56257
56256
56255
56158
56159
56251
56522
56744
56028
56029
56742
56024
56025
56026
56027
56020
56021
56022
56023
56761
56641
56731
56732
56733
55321
56735
56736
56737
56738
56288
56289
56284
55959
55130
56644
56282
55450
56228
56646
56647
55726
55724
55725
55722
55723
55720
55721
56633
55025
55756
55741
55753
55013
55020
55432
55433
55009
55008
55436
55437
55434
55435
55003
55001
55439
55007
55006
55005
56169
56168
56186
56165
56164
56167
56166
56161
56160
56162
55793
55792
55790
55797
55795
56183
55798
56688
56560
56565
56181
56481
56566
56569
56568
56229
56684
56668
56686
56687
55317
55316
55315
55314
55313
55312
55311
55310
56110
56111
56444
56113
56114
56115
55319
55318
56249
56465
56662
56663
56660
56442
56701
56590
56440
56591
55946
55407
55944
55945
55943
55940
55941
56593
55949
56443
55150
56716
56207
56201
56369
56368
56367
56364
56208
56209
56361
56360
56014
56017
56016
56011
56010
56013
56019
56385
56379
56387
56386
56381
56382
56389
56441
56178
56060
56062
56063
56065
56068
56069
56592
55449
55448
55443
55442
55441
55447
55446
55445
55444
56219
56713
55049
55047
55046
55045
55044
55043
55042
55041
55040
56710
