65570
65449
65529
63390
65802
65803
63091
63090
65806
65807
63155
65584
64432
65640
64037
65023
65020
65641
65026
65024
65025
64035
64442
65282
65270
64779
64778
65275
65274
65279
64776
64771
64770
64772
65281
65286
65648
65768
65649
65284
65586
65285
65650
65653
65559
65655
65654
64643
65656
65790
64701
64874
65582
64873
64870
63738
63739
63633
65349
63637
63636
63730
63638
63732
63735
63736
64689
64688
65774
65775
65772
65773
65770
65771
64681
64119
64683
64682
65778
64118
65580
65557
63932
63933
64676
63936
63937
63934
63935
63939
64117
65583
63025
63848
63849
63020
63021
64423
63023
64506
63841
63028
63847
63845
65785
64058
63748
64192
63745
63744
63747
63746
64050
63740
63743
63742
65692
63454
65788
63457
64451
63456
64454
64455
64456
64457
64458
63451
63450
65059
65058
63453
64151
65053
65052
65051
65050
65054
63110
63447
63112
63445
63114
63443
63440
63441
63561
63560
63563
63565
63567
63566
64098
64150
64153
64670
64645
64152
65464
65552
64644
64647
64154
64646
64157
65608
65609
65606
65604
64156
65603
65601
63367
63366
63363
63362
63361
64504
64642
63369
63368
64832
64833
64830
64831
64836
65287
64834
64835
64854
65348
65301
64649
64648
65305
63943
63942
63941
63940
64641
64640
63945
63944
65738
65739
65733
65732
63433
65730
65731
65737
65734
63829
65347
65571
64638
64639
64733
65344
64735
64734
65231
65230
64630
64631
64632
64633
64437
64635
64636
64637
63701
63069
63703
65278
64014
64015
64016
64017
63060
63061
64463
64465
64467
64466
65548
63439
63666
63664
63823
63662
63663
63660
64494
64496
64497
64490
64491
64492
64077
64498
64499
64165
64124
64125
64126
64127
64120
64166
64089
64088
64086
64085
64084
64083
64082
64081
64080
63833
64436
63830
63837
63834
65555
63839
64434
64065
64064
64067
64066
63019
52573
64063
64062
63015
63014
63017
63016
63011
63010
63013
63012
65237
64430
64730
64503
63056
65614
65233
63882
63880
65232
65080
65081
65082
65083
65084
65085
63536
63537
63534
63535
63532
63533
63530
63531
65676
64672
63538
63539
63129
63128
63084
63080
63121
63120
63123
63122
63125
63124
63088
63089
64431
64468
65239
65018
65017
65016
65014
65013
65011
65010
63068
64011
65264
64767
64765
64762
64012
65262
64761
65329
64671
65588
64507
64022
63339
63334
63336
63330
63332
63333
64018
64849
64848
65646
65647
65644
64019
64843
64842
64841
64840
64847
64844
63622
63623
63620
63621
63626
63627
63624
63625
64114
63628
63629
64111
64110
64113
64112
65742
65468
65740
65747
65746
65745
65658
65462
65463
65461
65466
64505
65793
64601
65345
64859
65340
64161
64163
64164
63902
63901
64167
63051
63631
63053
63052
63055
64433
63057
63630
64438
64439
64029
65541
63758
64021
64020
65443
63755
64024
63750
63751
65668
63665
65484
65759
65339
65444
64068
65713
64461
63473
63472
63471
63474
65479
65777
64493
63877
63876
63874
63873
63870
65667
63879
63878
65440
65638
65441
65633
65632
65631
65630
65637
65334
65635
65634
63370
63373
63376
63377
63379
65473
64501
65446
64804
64801
65046
65047
65040
65041
64132
64686
65048
65049
65804
65255
65254
65257
65256
65251
65250
64658
64659
64656
64657
64654
64123
64652
64653
64650
64651
63139
65657
63126
65543
52626
63301
63303
65728
64128
65258
65259
64129
64722
64723
64720
64726
64724
64725
64728
65542
65246
64479
65247
65616
64473
64470
64471
64476
64477
64474
64475
65791
64783
65711
65566
63653
65714
65550
63650
65556
63656
63655
63654
64674
65722
65717
65486
63954
63955
63956
63957
64155
63951
63952
63953
64090
64158
64092
64093
63050
64096
64097
63437
63436
63435
63434
63828
63432
63431
63430
63824
63825
63826
63827
63820
63821
63822
63438
64076
52542
64074
64075
64072
65809
64070
64071
63005
65332
64078
64079
64739
64679
65735
65744
64061
64138
64060
64738
65260
65079
65078
64424
65075
65074
65077
65076
65715
63026
65072
63501
64426
64421
65789
64420
65261
63138
63401
63132
63133
63130
63131
63136
63137
63134
63135
64747
64752
65001
64741
64759
64750
63846
64743
65215
64756
64755
64428
64469
64422
63349
63348
64856
64857
64850
63341
64748
63343
63345
63344
63347
65679
65470
65501
65674
65672
65325
65324
65327
65326
65321
65320
64108
64109
63965
63964
63967
63966
63961
63960
65459
63962
64054
65690
64055
65754
65755
65756
65757
64056
65752
65753
65729
64057
64001
65625
65457
65350
65351
65354
64052
64053
63042
63043
63040
63041
63047
63044
63045
65810
63048
63049
65787
63769
63763
64030
63760
63767
63766
64034
63764
65784
65783
64429
65781
64673
63547
63546
63545
63544
63543
63541
63540
64858
63549
63548
65534
65564
63468
63469
65535
63464
63465
63467
63460
63461
63462
63463
65560
65438
63860
64790
63862
63863
63866
63867
63868
63869
72644
65236
63389
63388
64459
63385
63384
63387
63386
63381
63383
63382
63143
63141
63140
63147
63146
63144
65032
65035
65034
65037
65039
65760
64780
64781
65244
64668
64784
65243
65240
65456
64788
65360
64661
64660
64667
65248
64664
65453
65276
65452
65323
65322
65779
65283
65624
64106
65626
65627
65620
65622
65623
64865
65786
64867
64866
64861
65629
64863
64862
65567
63645
65565
64105
63640
63087
64102
65043
63648
65280
65764
65767
65766
65761
65590
65762
64101
65769
65401
63446
63111
64769
65591
64855
63113
64146
64147
64145
64149
63115
65707
65652
63116
65706
63851
63853
63117
63855
65705
63857
63118
63039
63038
63127
63119
63033
63031
63030
63037
63036
63034
63557
64446
64445
64444
64443
63448
64441
64440
65712
64449
64448
64655
65068
65069
65066
65067
65064
65065
65062
65063
65061
63107
63106
63105
63104
63103
63102
63101
63452
65708
63459
63458
63109
63108
64116
64036
65702
65483
65619
65618
65202
65203
65617
65201
65611
65610
65613
65612
65335
64763
63359
63352
63353
63350
63351
63357
65101
65669
65265
65109
65661
65662
65663
65664
65355
65336
65337
64139
63852
64453
65333
65330
63304
64133
63601
64131
64130
64137
64136
65338
64134
65686
65710
65685
65682
64427
65680
65681
65721
65720
65723
65263
65725
65724
65727
65689
64401
64744
64745
64746
64040
64740
51640
64742
64628
64625
64624
64623
64622
64620
63774
63775
63770
63771
63079
64402
63077
63074
63073
63072
63071
63070
65436
65589
63675
63674
65536
65439
63670
63673
64048
65704
64489
64483
64482
64481
64480
64487
64486
64485
64484
63551
63552
65605
63555
63556
63801
63558
63559
65660
63781
63780
63783
63782
63785
63784
63787
