39652
39653
39654
39638
38619
38618
38617
38614
38611
38610
39067
39066
39063
39062
39061
39069
39108
39269
38954
39746
38957
38950
38951
38952
38953
38958
38680
38769
38768
38685
38762
38761
38760
38767
38765
38764
39656
39657
39401
39402
39406
39360
39361
39362
39363
39364
39365
39366
39367
39567
39564
39565
39562
39563
39560
39561
38828
38829
38824
38826
38827
38821
39140
39144
39145
39146
39149
38913
38914
38915
38916
38917
38644
38645
38646
38647
38641
38642
38643
38726
38725
38723
38722
38721
38720
39669
39668
39744
39745
39743
39740
39741
39661
39663
39662
39665
39664
39667
39666
39038
39039
39520
39159
39525
38965
38964
38967
38966
38961
38963
38962
38860
38862
38863
38864
38865
38866
38868
38869
39350
39352
39355
39354
39356
39359
39358
39459
39456
39455
39452
39451
39180
39183
39189
38683
38601
38603
38606
39071
39073
39074
39078
39079
39701
39705
39179
39272
39170
39175
39174
39177
39176
38921
38920
38923
38922
38925
38924
38927
38929
38928
38774
38771
38772
38773
38778
39635
39633
39630
39631
38674
38677
38676
38671
38670
38673
38672
39756
39647
39553
39556
38781
39643
38859
38858
38851
38850
38852
38855
38857
38856
39309
39307
39305
39301
38326
39232
38631
38630
38633
38632
38635
38637
38730
38731
38732
38736
38737
39773
39772
39771
39776
39059
39120
39041
39040
39042
39045
39044
39047
39046
38749
38748
39530
38745
38744
38746
38740
39342
39341
39346
39347
39345
39348
39581
39462
39461
39466
39465
39464
38804
38801
39747
39737
39736
39735
39730
39739
39503
39088
39086
39083
39082
39168
39169
39162
39160
39507
39166
39167
38930
38701
38703
38702
38704
39601
38668
38666
38664
38665
38663
38661
39540
39429
39428
39427
39426
39425
39423
39422
39421
39645
38848
38849
38843
38841
38846
38847
38844
38738
39339
39338
39332
39330
39337
39336
39335
38639
39206
39204
39203
39202
39201
39209
39208
38622
38623
38620
38621
38626
38627
39641
38625
38629
39648
39769
39766
39767
39760
39762
39113
39111
39110
39117
39116
39115
39114
39119
39051
39056
39057
39054
38949
38948
38943
39501
38941
38940
38947
38946
38945
38944
38759
38756
38754
38753
38751
39474
39475
39476
39477
39470
39478
39479
39574
39577
39576
39571
39573
39572
39702
38833
38834
38838
39481
39480
39483
39482
39157
39156
39154
39153
39152
39150
39096
39097
39094
39095
39092
39090
39629
38901
39755
38659
38658
39751
39750
39752
38652
38651
38650
39759
38655
38654
39531
39439
39532
39534
39437
39218
38876
38873
38871
38870
38879
38878
39325
39326
39327
39320
39322
39323
39328
39440
39443
39211
39212
39213
39216
39217
39193
39192
39191
39194
