59722
59720
59721
59727
59724
59725
59728
59729
59068
59808
59804
59803
59802
59801
59545
57724
59418
59419
59915
59914
82801
59479
59472
59443
59471
59477
59474
59442
59441
59912
59270
59274
59275
59276
59076
59077
59074
59075
59072
59070
59071
59078
59079
59929
59201
59759
59758
59752
59751
59750
59756
59755
59754
59854
59855
59856
59851
59853
59858
59859
59537
59535
59928
59532
59531
59530
59925
59926
59927
59920
59922
59538
59106
59105
59102
59101
59401
59405
59404
59038
59039
59032
59033
59030
59031
59036
59037
59034
59035
59326
59248
59324
59322
59323
59241
59240
59243
59242
59244
59247
59868
59718
59865
59716
59715
59714
59713
59258
59711
59710
59731
59730
59732
59916
59447
59446
59917
59444
59911
59910
59913
59440
59919
59918
59448
59043
59041
59047
59046
59044
59875
59217
59214
59215
59212
59213
59211
59218
59219
59745
59746
59747
59740
59741
59743
59748
59749
59821
59820
59823
59825
59824
59827
59826
59829
59828
59520
59521
59522
59523
59524
59525
59526
59527
59528
59529
59480
59487
59486
59485
59484
59007
59006
59003
59002
59001
59414
59416
59417
59410
59411
59412
59008
59313
59312
59311
59259
59317
59315
59314
59252
59253
59250
59318
59256
59257
59254
59255
59701
59874
59703
59872
59873
59870
59871
59327
59923
59450
59451
59452
59453
59454
59456
59457
59469
59425
59424
59427
59354
59353
59420
59351
59422
59058
59059
59054
59055
59057
59050
59052
59053
59344
59223
59222
59221
59226
59225
59547
59864
59867
59638
59639
59733
59866
59735
59736
59739
59631
59632
59633
59634
59635
59636
59860
59863
59546
59468
59544
59832
59833
59830
59831
59837
59834
59014
59016
59089
59088
59087
59086
59085
59082
59081
59461
59648
59019
59645
59644
59647
59640
59643
59642
59901
59010
59011
59012
59013
59542
59015
59540
59018
59460
59463
59462
59465
59464
59467
59466
59489
59263
59262
59261
59260
59065
59064
59067
59066
59061
59063
59062
59069
59301
59483
59482
59848
59843
59842
59841
59840
59847
59846
59845
59844
59601
59602
59762
59760
59761
59933
59932
59931
59930
59937
59936
59935
59934
59501
59230
59231
59436
59434
59343
59432
59433
59430
59347
59349
59029
59028
59020
59022
59025
59024
59027
59026
59337
59336
59330
59333
59332
59339
59338
59421
