27888
27889
27886
27884
27885
27882
27883
27880
27881
27284
27281
27282
27283
27288
28107
28104
28105
28102
28103
28101
28108
28109
28448
27832
27831
27830
27837
28539
27834
28537
27839
28533
28532
28531
28530
27370
27371
27408
27409
27376
27377
27379
27401
27406
27407
27405
27278
28725
28806
28655
27536
27537
27534
28031
28036
28037
27530
27531
28403
28401
28039
28405
27539
27305
27306
27301
27302
28393
28392
28391
28390
28396
27909
28394
28399
28398
27712
27713
28425
28717
28716
28715
28714
28713
28244
28711
28723
28719
28718
28086
28083
28424
28081
28080
28326
28327
28325
28323
28089
28088
28720
28420
28423
28422
27053
27009
27006
27007
28663
28662
28660
28667
28666
28665
27541
28669
28668
28146
28147
28144
27876
27875
27874
27873
27872
27871
27870
27879
27878
28009
28555
28554
28348
28557
28556
27022
27979
28766
28560
28553
28449
28349
28447
28445
28444
28443
28442
28441
28657
27572
27028
27571
27576
27577
27574
27349
28906
28379
27341
27340
27343
27344
27229
28651
28692
28693
28690
28697
28694
27617
27616
27615
27614
27613
27612
27610
28363
28360
28366
28367
28364
28365
28369
27573
28043
28590
28040
28594
27954
27956
27957
27950
27953
28538
27958
27959
27042
27043
27040
27041
27046
27047
27045
27048
28659
28627
28626
28625
28624
28623
28622
28621
28629
28628
28384
28748
28749
28216
28217
28214
28215
28212
28213
28210
28211
28382
28383
28562
28637
28133
28729
28137
28768
28135
27403
28139
28138
28528
28529
27828
27829
27824
27825
27826
27827
27820
27821
27822
27823
28027
27262
27263
27260
27265
28411
28412
28792
28791
28790
27503
27502
27501
27507
27505
27504
28007
28006
27509
27508
28551
28001
28552
27316
27317
27314
27315
27312
27313
27310
27311
28736
27919
27910
28385
28386
28387
27915
27916
27917
28698
28701
28702
28704
28705
28707
28708
28709
28090
28091
28092
28318
28097
28098
28312
28311
28310
28315
28314
27968
27965
27964
27967
27966
27960
27962
28640
28174
28173
28170
27030
28756
28501
28774
28777
28678
28679
28773
28772
28675
28676
28677
28670
28671
28672
28673
27860
27861
27862
27863
27864
27865
27866
27869
28320
27107
27106
27105
27104
27103
27101
27109
28735
28032
28033
28409
28734
28458
27546
27817
27544
28515
27542
27813
27812
28450
28451
28452
28453
27819
27818
27549
28457
28034
28789
28779
27212
27358
27217
27215
27214
27350
27356
27357
27948
27355
27608
27609
27601
27603
27604
27605
27606
27607
28054
28056
28429
28428
28052
28358
28357
28356
28421
28352
28351
28350
28589
28582
28583
28580
28581
28586
28587
28584
28585
27921
27920
27923
27922
27925
27924
27927
27926
27929
27928
28904
28905
28902
28901
28466
28630
28631
28634
28635
28636
27807
28638
28649
28460
28739
28017
27553
28572
28731
28730
28733
28732
28227
28226
28771
27555
28570
28504
28577
27801
28775
28395
28645
28644
28647
28646
28128
28129
28643
28642
28124
28125
28127
28120
27858
27589
27583
27850
27581
27852
27587
27857
27856
27253
27252
27239
27258
28461
27851
28463
28462
28465
28464
28467
27582
28469
28468
28782
28783
27853
28786
28787
27455
28019
27518
27519
27514
27855
27516
27517
27510
27511
28016
27513
27320
27326
27325
28745
28746
28712
28304
28305
28306
28307
28301
28269
28303
28740
28308
28262
28741
28742
28743
28684
28615
28511
28280
28282
27024
27025
27027
27020
27021
27978
27023
27976
27974
27972
27973
27970
28160
28510
28163
28164
28166
28167
28168
28169
28609
28762
28763
28761
28601
28602
28605
28604
28607
28606
28513
28371
28328
27897
27896
27891
27890
27893
27892
28512
27110
27299
27298
27292
27291
27295
28115
28114
28117
28110
28112
28119
28747
27806
27551
27804
27805
27803
27556
27557
27559
28508
27808
27809
27360
27410
28438
27208
27209
27205
27207
27201
27203
28021
28020
28439
28023
28454
28516
28025
28759
27525
27524
27527
27526
27521
27520
27523
27522
28340
28341
28342
28343
27529
28345
28430
28347
28436
28434
27932
28435
27936
27937
27935
28344
27938
27939
28433
27701
27703
27705
27704
27707
28781
27709
28431
28571
28785
28480
28339
28338
28722
28334
28337
28721
28726
28330
28333
28332
28018
28805
28804
28803
28801
28134
27986
27985
27983
27982
27981
27980
28610
28778
28432
27019
27018
27814
27014
27017
27016
27011
27545
27013
27012
28159
28546
28654
27816
28652
28650
28547
28150
28909
28152
28012
28658
27810
27596
27597
27591
27592
27540
28543
28519
27849
28540
28518
27842
27843
27840
27841
27846
27847
27844
27845
27242
27243
27244
27248
27249
28455
28456
27127
28472
28470
28478
28479
27569
27568
28579
28578
28573
27560
27563
27562
27565
28575
28574
27235
27231
27233
27330
27332
28523
28681
28520
28683
28682
28685
28612
28521
28689
28757
28278
28373
28372
28375
28374
28377
28376
28270
28524
28273
28751
28277
28526
28078
28079
28076
28077
28075
28072
28073
28071
28525
27051
27050
27949
27052
27055
27054
28613
27943
27942
27941
28544
27947
27946
27944
28611
28616
28753
28752
28618
28619
28209
28208
28754
28205
28204
28207
28206
28527
28617
28203
28202
