58220
58222
58223
58224
58225
58227
58228
58229
58381
58380
58386
58385
58384
58639
58638
58632
58631
58630
58636
58634
58382
58707
58254
58705
58256
58251
58250
58701
58316
58317
58259
58311
58413
58558
58559
58416
58415
58552
58418
58554
58008
58009
58001
58002
58004
58005
58006
58007
59270
58778
59275
58538
58779
58853
58852
58856
58854
58530
58531
58079
58078
58075
58077
58076
58071
58072
58351
58352
58353
58355
58356
58357
58219
58218
58210
58212
58214
58216
58456
58455
58323
58768
58325
58324
58327
58454
58321
58452
58451
58329
58458
58758
58759
58755
58756
58757
58750
58752
58523
58521
58520
58524
58529
58528
58257
58704
58703
58702
58031
58030
58033
58032
58035
58036
58038
58258
58625
58626
58627
58620
58621
58622
58623
58787
58785
58784
58783
58782
58781
58369
58368
58244
58713
58243
58716
58241
58361
58492
58363
58362
58365
58496
58367
58249
58566
58565
58564
58563
58562
58561
58560
58569
58568
58765
57660
58761
58760
58763
58762
58405
58769
58401
58402
58652
58849
58318
58103
58102
58105
58104
58844
58845
58847
58843
58068
58069
58067
58064
58065
58062
58063
58060
58061
58202
58203
58201
58204
58205
58440
58441
58442
58443
58444
58445
58330
58331
58448
58744
58338
58339
58721
58723
58722
58725
58727
58366
58436
58431
58430
58433
58535
58439
58438
58532
58533
57638
58021
58027
58029
57648
57645
58651
58650
58653
58748
58655
58654
58656
58790
58792
58793
58794
58795
57642
58464
58801
58484
58486
58487
58480
58481
58482
58483
58488
58273
58272
58271
58270
58277
58276
58275
58274
58372
58370
58278
58377
58374
58379
58570
58571
58572
58573
58575
58576
58577
58579
58479
58478
58775
58772
58773
58770
58771
58472
58475
58474
58477
58476
58505
58504
58501
58503
58549
58838
58831
58830
58833
58835
58059
58058
58053
58052
58051
58057
58056
58054
59221
58789
58788
58237
58235
58233
58231
58230
58239
58238
58601
58282
58281
58301
58733
58730
58731
58736
58737
58734
58735
56744
58426
58424
58425
58422
58423
58420
58421
58541
58540
58542
58545
58544
58428
58429
58018
58017
58016
58015
58013
58012
58011
58642
58643
58640
58641
58646
58647
58645
58649
58081
58335
58712
58332
58346
58345
58344
58343
58341
58348
58269
58265
58266
58267
58260
58261
58262
58776
58581
58580
58710
58741
58740
58746
58711
58463
58460
58461
58466
58467
57641
58240
58718
58490
58497
58495
58494
58045
58046
58047
58040
58041
58042
58043
58048
58049
