68421
68420
68423
68422
68424
68038
68039
68036
68037
68034
68743
68033
68030
68031
68770
69042
69154
68634
68635
68636
68637
68631
68632
68633
68776
68638
68328
68329
68739
68322
68323
68320
68736
68326
68327
68733
68325
68955
68946
68957
68956
68818
68950
68952
68814
68815
68816
68817
68810
68958
68812
68813
69340
69347
69346
69345
68920
68922
68923
68924
68925
68926
68927
68883
68882
68881
68748
69348
69101
68749
68949
69170
68740
68428
68742
68745
68072
68069
68070
68071
68746
68381
68747
68178
69333
68771
68111
68773
68774
68777
68110
68779
68778
69339
68414
69331
69336
69337
69334
69335
68417
68352
68351
68350
68357
68355
68354
68359
68358
68601
69201
68825
68824
68827
68826
68821
68820
68823
68822
69141
69140
69143
69142
69145
68828
69028
69029
68029
68506
68507
68504
68505
68502
68503
68856
68858
68859
68508
68138
68137
68136
68135
68134
68133
68132
68131
68130
68433
68430
68431
68436
68437
68434
68003
68002
68438
68439
68007
68005
68004
69365
68792
68791
68790
69027
69024
69025
69022
69023
68317
68316
68315
68314
68313
68644
68647
68310
68649
68648
69021
68319
68318
68728
68729
68726
68727
68724
68725
68722
68723
68720
68869
68947
68944
68945
68942
68943
68940
68941
68861
68860
68863
68862
68865
68864
68948
68866
68735
69366
69147
68734
69146
68321
68731
68730
68324
68732
69026
68954
69360
66541
68959
68164
69144
68048
68047
68046
68045
68044
68042
68041
68040
68452
68453
68025
68458
68020
68023
68763
68760
68761
68766
68767
68764
68765
68768
68769
68852
68448
68443
68442
68441
68440
68447
68446
68445
68444
68901
80758
68348
68349
68406
68344
68345
68346
68347
68340
68405
68342
68343
68836
68837
68834
68835
68832
68833
68831
69152
69153
69150
69151
69156
69157
68838
69155
68741
69354
68532
68531
69301
69148
68128
68928
68929
68122
68123
68124
68127
69357
68014
68015
68016
68017
68010
68018
68019
68409
68407
68154
68157
68404
68403
68402
68401
68152
68850
69219
68788
68789
68784
68785
68786
68787
68780
68781
68783
68652
68653
68303
68304
68305
68654
68307
68309
68658
68659
69210
69353
82082
68719
68718
68713
68711
68710
68717
68716
68715
68714
68973
68972
68878
68879
68977
68976
68975
68974
68872
68873
68870
68871
68876
69351
68874
68853
68854
68375
69134
68377
68376
68371
68370
68372
68379
68378
69123
69122
69121
69120
69127
69125
68301
69130
69129
68855
69131
68623
68651
68621
68620
68627
68655
57078
68624
69041
69367
68058
68059
68113
68112
68114
68117
68116
68050
68118
69343
68055
68057
69171
51557
69043
69341
69044
68454
68455
68456
68457
68450
68028
68759
68758
68757
68756
68755
68753
68752
68751
68022
69045
68971
68970
69358
68979
68982
69040
68980
68981
69220
69221
68846
68845
68339
68338
68629
68628
69355
68331
68622
68333
68332
68335
68626
68337
68336
68803
68801
68978
69361
69046
69350
68840
69001
68008
69149
69352
68875
68073
68937
68936
68935
68934
68528
68932
68930
68524
68526
68527
68520
68001
68522
68523
69167
69166
69165
69163
69162
69161
68933
69169
69168
68061
68063
68062
68065
68064
68067
68066
68380
68068
68382
68418
68419
68410
68147
68144
68413
68142
68415
68416
68521
68939
68938
68701
68669
68667
68666
68665
68664
68663
68662
68661
68660
68465
68464
68467
68466
68461
68460
68463
68462
68969
68964
68966
68967
68960
68961
69356
68366
68367
68364
68365
68362
69218
68360
68361
69214
69217
69216
69211
68844
68368
69212
69034
69037
69036
69138
69030
69033
69032
69020
69135
69039
69038
69132
69133
68847
68514
68517
68516
68843
68510
68841
68512
68842
68849
68641
69128
68640
68643
68102
68642
68106
68107
68104
68105
68108
68341
