03057
03287
03055
03054
03053
03052
03051
03281
03884
03885
03886
03887
03448
03449
03882
03883
03444
03445
03446
03447
03440
03441
03110
03443
03827
03824
03592
03593
03590
03825
03597
03595
03750
03751
03598
03753
03754
03284
03777
03048
03049
03285
03820
03282
03042
03043
03044
03045
03046
03047
03233
03231
03230
03237
03280
03235
03234
03431
03238
03779
03823
03602
03603
03601
03607
03604
03605
03871
03870
03608
03609
03875
03801
03782
03781
03780
03038
03785
03784
03224
03225
03037
03036
03031
03221
03033
03032
03878
03868
03869
03442
03862
03860
03861
03867
03864
03865
03816
03874
03307
03304
03303
03301
03259
03258
03832
03251
03253
03255
03254
03257
03256
03857
03856
03855
03854
03853
03852
03851
03850
03451
03858
03450
03457
03260
03873
03261
03561
03249
03242
03243
03240
03241
03246
03244
03245
03840
03841
03842
03458
03844
03266
03846
03847
03848
03849
03268
03845
03809
03276
03275
03273
03279
03278
03470
03574
03575
03576
03570
03752
03084
03086
03087
03082
03755
03835
03837
03836
03765
03830
03833
03766
03768
03839
03838
03229
03071
03070
03262
03263
03264
03077
03076
03079
03269
03461
03466
03467
03464
03465
03462
03034
03872
03226
03813
03227
03812
03220
03811
03819
03826
03773
03770
03771
03222
03774
03817
03223
03810
03062
03063
03060
03064
03748
03291
03290
03293
03215
03452
03217
03216
03109
03456
03455
03746
03104
03106
03101
03218
03103
03102
03818
03890
03814
03894
03581
03580
03583
03582
03585
03584
03586
03588
03745
03740
03743
03741
03579
