08248
08243
08242
08241
08240
08247
08246
08244
08316
07848
07849
07740
07747
07746
08648
07462
07463
07460
07461
08641
07465
07660
07661
07846
08628
07847
08019
08016
08319
08014
08015
08012
08010
08011
07842
08610
08611
07514
07512
07513
07044
07045
07046
07047
07040
07041
07042
07043
07822
07823
07820
07821
07826
07827
07825
08328
08329
08089
08088
08540
08324
07950
07632
07631
07630
08757
08751
08542
08750
08753
07748
07704
07703
07702
07701
08640
07310
07311
08720
08721
08722
08723
08724
08831
08832
08833
08110
08821
08873
08820
07410
07417
07416
07419
07418
08618
08619
08759
08758
08736
08755
08205
08204
08203
08202
08201
08752
07008
07009
08734
07001
07002
07003
07004
07005
07006
08732
08731
08730
08052
08053
08050
08051
08056
08057
08054
08055
08059
07853
07852
07851
07850
07857
07856
07677
07676
07675
07670
07079
07078
07075
07074
07077
07076
07071
07070
07073
07072
07981
07980
08828
07961
08872
07960
08876
08884
08879
08886
08501
08502
08882
08505
07457
07456
07452
07450
07458
08805
08804
08807
07758
08802
07755
07756
07757
07750
07751
07753
08029
08028
08023
08022
08021
08020
08027
08026
08536
08535
07522
07524
08629
08251
08620
07031
07030
07033
07032
07035
07034
07036
07039
08326
08327
08320
08321
08322
08323
07652
07624
07626
07627
07620
07621
08332
07628
07828
08330
08609
08840
07711
07712
07716
07717
07718
07719
07495
08848
08735
08844
08846
08260
08353
07764
07760
07762
07405
07407
07401
07403
08343
08210
08083
08742
08215
08740
08217
08341
08562
08560
08561
08401
08346
08403
08402
08406
08344
08345
08104
08105
08106
08107
08069
08068
08067
08066
08065
08064
08063
08062
08061
08060
08314
07103
07102
07105
07104
07107
07106
07109
07108
07662
07663
07840
08318
07666
07843
08085
08084
08087
08086
08081
08080
07068
07069
07066
07067
07064
07065
07062
07063
07060
08360
08361
08559
08558
08801
07208
08889
07202
07203
08887
07201
07206
08880
07204
07205
08317
08817
07927
07926
07924
07922
07921
07920
08352
07928
07440
07442
07444
07446
08311
08816
07728
08701
08812
08810
07721
07720
07723
07722
07724
07727
07726
08514
08310
08528
08520
08510
08527
08525
07435
07436
07430
07432
07439
07438
08221
08223
08225
08224
08638
08226
08312
07022
07023
07020
07021
07026
07027
07024
08350
07028
07029
07641
07647
07860
07645
08034
08035
08036
08037
08030
08031
08033
08038
08039
07874
07876
07871
07870
07657
07656
07974
07976
07977
07970
07878
07095
07094
07093
07092
07090
08515
07801
07803
07480
07481
08858
08859
08852
08853
08850
08857
08854
08270
07470
08094
08095
08553
08551
08550
08009
08008
08555
08554
08005
08004
08007
08006
08001
08003
08002
07505
07504
07506
07501
07503
07502
07508
08078
08079
08098
08070
08071
08072
08073
08074
08075
08077
07112
07838
07110
07111
08302
07114
07830
07833
07832
07834
07836
08096
08097
07059
07058
08092
08093
08090
08091
07052
07050
07057
08212
07055
07054
08534
08829
08741
07945
07946
07940
08809
08808
07608
07606
07607
07604
07605
07603
08890
07601
07930
07931
07932
07933
07934
07935
07936
07939
07302
07307
07306
07305
07304
08823
08822
07738
07739
08827
08826
08825
08738
07732
07733
07730
07731
08733
07737
07734
07735
08835
08836
07866
08837
08830
08690
08691
07424
07422
07423
07420
07421
08232
08230
08608
08234
08530
08533
08348
08349
07018
07017
07016
08340
07014
07013
07012
07011
07010
07880
07881
07882
07885
08041
08043
08042
08045
08512
08511
08046
08049
08048
08518
07642
07643
07640
07865
07646
07863
07644
07650
07901
07648
07649
07869
07080
07081
07082
07083
07086
07087
07088
07979
08102
08103
08824
08867
08865
08863
08861
08869
08904
08108
08901
08902
08109
