87328
87325
87327
87326
87321
87320
87323
87322
87038
87031
88255
88256
87032
88250
87034
88252
87036
87581
87580
87583
87582
88023
88022
88021
88020
88027
88026
88025
88024
88029
88028
88430
88431
88434
88435
88436
87723
87722
87724
87729
87728
88324
88325
87364
88323
87083
87535
87537
87530
87531
87532
87533
87538
87539
88210
88130
88065
88063
88061
88265
88264
88267
87062
88260
88263
88262
87102
87105
88101
87068
88103
87109
87108
87064
87418
87063
87061
87820
88415
88401
87829
87104
87578
87579
87107
87571
87573
87574
87575
87577
87801
88318
88314
88317
88316
88311
88310
88312
87508
87505
87507
87506
87501
88254
88203
87740
87006
87035
87037
88253
87028
87029
81137
87022
87023
87020
87021
87026
87027
87024
87025
88135
88134
88136
88038
88039
88132
88034
88030
88032
88033
87732
87733
87730
87731
87736
87734
87735
88351
88350
88353
88352
88355
88354
87375
87540
87543
87544
87549
87548
87831
87830
87832
87930
87931
87933
87935
87936
87937
86515
88268
87499
87941
87940
87943
87942
87144
88072
87053
87052
87051
87056
87112
87113
87059
87111
87116
87117
87114
88005
88004
88007
88001
88003
88002
88009
88008
88410
88411
88416
88417
88414
87939
88418
88419
87461
87070
87749
87743
87742
87072
87747
87746
87745
88118
87420
87301
87421
87305
88301
87901
87518
87519
87516
87517
87514
87515
87512
87513
87510
87511
87017
87016
87015
87014
87013
87012
87011
87010
87018
88232
88230
88231
88126
88048
88124
88125
88120
88121
88041
88040
88043
88042
88045
88044
88047
88046
79837
87701
88342
88343
88340
88341
88346
88347
88344
88345
87347
88348
88349
87552
87553
87551
87556
87557
87554
87558
87823
87419
87821
87827
87824
87825
87413
87412
87828
87410
87417
87416
87415
86504
88049
87124
87123
87122
87121
87120
88081
88321
88242
88240
87048
87049
87044
87045
87046
87047
87040
87041
87042
87043
88012
88011
88427
88426
88424
88422
88421
87750
87106
87752
87753
87455
87315
87316
87317
87310
87311
87312
87313
87319
88339
88338
88330
88337
88336
87529
87528
87523
87522
87521
87520
87527
87525
87524
87402
87001
87002
87004
87005
88201
87007
87008
88113
88112
88116
88115
88114
88052
88053
88119
88051
88056
88055
87110
87718
87710
87711
87712
87713
87714
87715
87357
87401
87569
87567
87566
87565
87564
87562
87560
88220
