89815
89074
89410
89460
89519
89178
89179
89512
89701
89703
89702
89705
89704
89706
89060
89061
89419
89418
89411
89301
89413
89412
89415
89414
89143
89142
89141
89147
89146
89145
89144
89149
89148
89501
89833
89832
89831
89830
89835
89834
89408
89409
89019
89018
89523
89015
89014
89017
89011
89010
89013
89012
89316
89317
89314
89508
89310
89311
89156
84034
89318
89319
89883
89436
89434
89433
89431
89430
89825
89826
89820
89821
89439
89438
89822
89008
89007
89004
89005
89002
89003
89001
89086
89128
89084
89085
89081
89121
89120
89123
89122
89124
89420
89421
89422
89423
89424
89425
89426
89427
89428
89429
89503
89502
89039
89506
89032
89031
89030
89138
89139
89130
89131
89134
89135
89025
89026
89027
89020
89021
89022
89183
89029
89107
89106
89104
89103
89102
89101
89510
89511
89109
89108
89446
89447
89445
89521
89129
89052
89054
89191
89441
89823
89110
89402
89444
89113
89442
89115
89440
89117
89118
89119
89448
89449
89403
89406
89801
89404
89405
89042
89043
89040
89046
89047
89044
89045
89048
89049
89828
89509
89166
89161
89169
89451
89450
