11542
13736
13734
13733
11547
13731
11545
11548
11549
13739
11385
12701
13603
13602
10965
10964
10963
10962
13605
10960
13608
10969
10968
13732
13730
12019
12018
12015
12017
12010
11768
11769
11762
11763
11766
11767
11764
11765
10709
10708
10703
10701
10707
10706
10705
10704
12121
12120
12123
12122
12125
12124
14138
14139
11948
11949
11946
11947
11944
11942
14135
11940
11941
14624
14625
14626
14627
14620
14621
14622
14623
14012
10562
10560
10567
10566
13052
13053
13051
13057
13054
11413
14710
14711
14712
14714
14715
14716
14717
12943
12942
12941
12946
12945
12944
12491
12490
12493
12492
12495
12494
12496
12498
13834
13835
13830
13832
13833
13838
13839
12833
12832
12831
12837
12836
12835
12834
12839
12838
13601
14080
11579
11577
11576
11575
11572
13606
11379
11378
11375
11374
11377
11371
11370
11373
11372
12719
10970
10973
10974
10975
10976
10977
13614
10979
13616
13617
13612
13613
11757
11756
11755
11754
11753
11752
12008
12009
12007
14169
11758
11596
11590
11598
14530
13441
13440
12138
12139
12132
12130
12131
12136
12137
12134
10152
10153
11978
10154
11973
11972
11971
11970
11977
11976
11975
14898
14897
14895
14894
14893
14892
14891
10710
14874
14877
14871
14870
14873
14872
14879
14878
14094
10578
10579
14091
10576
10577
10570
10573
13066
13064
13063
13062
13061
13060
13069
13068
12955
12956
12957
12950
12952
12953
12958
12959
12482
12483
12480
12481
12486
12487
12484
12485
12489
13804
13807
14479
14478
13806
14471
13801
14472
14475
14477
14476
13803
13802
13841
13843
13842
13845
13844
13847
13846
13849
12828
12824
12827
12821
12822
12823
14505
11024
14507
14506
11021
11020
11023
14502
11568
11569
11560
11561
11563
11565
11566
11368
11369
11366
11367
11364
11365
11362
11363
11360
11361
12729
12726
12725
12724
12723
12722
12721
12720
13669
13668
10989
10988
10985
10984
10987
13662
13665
13664
10983
13666
11740
11741
11742
11743
11746
11747
12033
11749
12031
12037
12036
12035
11580
11581
13290
12106
13459
13456
13454
13452
13450
12108
10169
10168
10167
10165
10162
14889
14880
14881
14882
14883
14884
14885
14886
12211
12210
14867
14864
14865
14860
14861
14869
10509
14081
14082
14085
14086
10501
10503
10502
10505
10504
10507
10506
13071
13072
13073
13074
13076
13077
13078
11964
11965
11967
11960
11961
11962
11963
11968
12921
12920
12923
12922
12924
12927
12926
12929
12928
14261
14130
14131
14132
14134
14469
14136
14747
14468
11109
11102
11103
11101
11106
14467
11104
11105
14462
13850
13856
14466
13859
12859
12858
12589
14464
12851
12850
12581
12852
12855
12586
12585
12856
14516
14517
14514
14512
14513
11030
14511
14519
12455
12454
12457
12456
12451
12450
12453
12452
11351
12459
12458
11355
11354
12738
12732
12733
12734
12736
12737
13678
13679
10998
13672
13673
10994
13676
10993
13674
13675
13624
12769
12024
12025
12027
12020
12022
12023
11414
12028
12029
11415
11416
11417
11418
11419
13677
12766
12583
12582
12853
12110
13469
13468
12115
12116
12117
12118
13461
13460
13464
12857
10170
10171
10172
10173
10174
10177
14510
12208
12209
12204
12205
12206
12207
12202
12203
14853
14850
14856
14855
14854
14859
14858
10518
10519
10512
10510
10511
10516
10517
10514
14072
13088
13084
13087
13081
13080
13083
13082
12932
12933
12930
12936
12937
12934
12935
12939
14219
14218
14211
14210
14213
14212
14215
14214
14217
14216
10199
14456
14454
14450
14817
14816
14815
14814
14813
14812
12594
12590
12592
13865
13864
13863
13862
13861
13860
12849
12842
12843
12841
12846
12847
12844
12845
11003
14522
11001
14527
14526
11005
11004
14529
14818
12446
12444
12442
12443
12440
12441
12448
12449
11359
13647
13646
11358
13643
13642
13641
13640
13648
11357
11356
12051
14718
12053
12052
12054
12057
12056
12059
12058
13502
13475
13476
13477
13470
13471
13472
13473
13478
13667
10527
10526
10524
10523
10522
10520
14845
14846
14847
14840
14841
14842
10528
14068
14069
14066
14067
14065
14062
14063
14060
14061
13092
13090
12305
12304
12307
11901
12303
12302
12309
12308
12903
12901
14208
14209
14202
14203
13312
14206
14207
14204
14441
14445
12149
12148
13774
10996
13670
14839
12874
12873
12872
12871
12870
10992
14560
12878
10990
14539
14534
14536
14537
11010
14532
14533
10538
14836
12473
12472
12471
12470
12477
12475
12474
10606
13650
13651
13652
13654
13655
13656
13658
13659
12042
12043
12040
12041
12046
12047
12045
11798
11793
11792
11791
11790
11797
11796
11795
11794
13403
13402
13404
13407
13406
13409
13408
13319
13318
13315
13314
13317
13316
13310
13313
11932
10530
14838
10532
10533
10535
10536
10537
11803
14830
11801
14837
11804
14059
14058
14052
14051
14057
14055
14054
11939
11937
11935
11934
11933
13224
11931
11930
12918
12919
12910
12911
12912
12913
12914
12916
12917
13135
13134
13136
13131
13132
13138
14608
14303
14302
14301
14305
14304
12860
12861
12862
12863
12864
12865
12866
14549
14548
14541
14543
14542
14545
14544
14546
13790
13795
13794
13797
13796
14843
12468
12469
12464
12465
12466
12460
12461
12463
13607
11784
11786
11787
11780
11782
12078
12077
12076
12075
12074
11788
12072
12071
12070
11570
13413
13410
13411
13416
13417
13415
13418
12789
12788
12781
12780
12783
12785
12784
12787
12786
13308
13309
13304
13305
13302
13303
13301
12095
12094
12090
12093
12092
14047
14040
14041
14042
14043
14822
14823
14820
14821
14048
14827
14824
14825
10039
10038
10035
10034
10037
10036
10031
10030
10033
10032
14220
14221
14222
14223
14224
14225
14226
14227
14228
13126
13124
13122
13123
13120
14559
14550
14551
14555
13782
13783
13780
13786
13787
13784
13788
13618
13619
12419
12418
12411
12410
12413
12412
12414
12417
12416
13615
12525
12524
12527
12526
12521
12520
12523
12522
12529
12528
12068
12069
12060
12061
12062
12063
12064
12065
12066
12067
10804
10805
10801
10803
14075
13428
13425
13424
11980
13421
13420
14070
12792
12790
12791
13339
13338
13333
13332
13331
13337
13335
13334
12086
12087
12084
12085
12083
12089
14031
14030
14033
14032
14035
14034
14037
14036
14039
10028
10029
10026
10027
10024
10025
10022
10023
10020
10021
13207
13206
13205
13204
13203
13202
13209
13208
14788
14787
14784
14783
14782
14781
13162
13163
14145
14141
14143
12547
11751
12546
12545
13113
13112
13111
13110
13117
13116
13115
13114
12543
13118
14819
12542
12540
13812
13810
13811
12886
12887
12884
12885
12883
14564
11042
14561
11040
14569
14568
14767
14760
14769
12409
12401
12406
12407
12404
12405
13682
13681
13680
13687
13685
13684
12534
12533
12530
12531
12538
14810
13755
13754
13757
13756
13751
13750
13753
13752
13438
13439
13431
13433
13435
13436
13437
11697
11694
11692
11693
11691
10901
11451
10309
10308
10307
10306
10305
10304
10303
10302
10301
13324
13325
13326
13327
13320
13321
13322
13323
13328
13329
14020
14026
14024
14025
14028
10019
10018
10013
10012
10011
10010
10017
10016
10014
13210
13211
13212
13214
13215
13219
14168
10271
10279
10278
10475
10474
10471
10470
10473
10472
14150
14801
14802
14803
13108
14590
14806
14807
13104
14809
13101
13102
13103
14485
14486
14487
14480
14481
14482
14489
11050
14571
14572
14777
14774
14775
14772
14770
14778
14779
12436
12435
12434
12433
12432
12431
12430
12439
12438
13694
13695
13696
13697
13690
13691
13692
13693
11783
11201
11203
11205
11204
11207
11206
11209
11208
12503
12502
12501
12507
12504
12508
11789
12222
13746
13744
13743
13740
11514
11516
11510
13748
10916
10917
10914
10915
10913
10910
10911
11421
11420
11423
11422
11425
11424
11427
11426
10310
10311
10312
10314
14521
13350
13353
13352
13355
13354
13357
11558
14525
11735
11731
11730
11733
11732
11739
11738
14092
10004
10005
10006
10007
10001
10002
10003
14013
10009
14011
14098
14901
14903
14905
14904
10466
10467
10464
10465
10462
10463
10460
10461
14167
10468
10469
14804
14805
14808
14589
14588
14585
14586
14580
14743
14742
14741
14740
12580
14744
14748
12420
12421
12422
12423
12424
12427
12428
12429
11212
11213
11210
11211
11216
11217
11214
11215
11218
11219
12518
12514
12515
12516
12517
12512
12513
06390
13777
13776
13775
11509
11507
13778
11501
12189
12188
12187
12186
12185
12184
12183
12182
12180
12749
12748
12745
12747
12746
12741
12740
12743
12742
10923
10922
10921
10920
10927
10926
10925
10924
11432
11433
11430
10928
11436
11434
11435
13342
13343
13340
13341
13346
13345
13348
11726
11727
11724
11725
11722
11720
11721
11729
14008
14009
10075
14001
14004
14005
14006
12165
12164
12167
12166
12161
12160
12169
12168
14174
14170
14171
14172
14173
10453
10452
10451
10457
10456
10455
10454
10459
10458
10103
10580
10583
10601
10589
10588
13160
13166
13167
13164
13165
12987
12986
12985
12983
12981
12980
14592
12989
14591
14754
14755
14756
14757
14750
14752
14753
14127
14126
14125
13904
13905
13901
13902
13903
14826
14120
14470
14719
11229
11228
11226
11225
11224
11223
11222
11221
11220
12569
12561
12563
12565
12564
12567
12566
11530
13760
12198
13501
12190
12192
12193
12194
12195
12196
12197
12758
12759
12754
12752
12750
12751
10930
10931
10932
10933
11713
11710
11717
11716
11715
11714
11719
11718
10065
10069
12176
12177
12174
12175
12172
12173
12170
13480
13483
13485
13484
13486
14101
14103
14102
14105
14504
14109
14108
10282
10280
10119
10115
10112
10110
10111
13157
13156
13155
13153
13152
13159
13158
10590
10591
10596
10597
10594
10595
10598
14619
14618
14615
14614
14617
14616
14611
14610
14613
14612
13021
13020
13027
13026
13024
13029
13028
12992
12993
12996
12997
12998
14729
14728
14721
14720
14723
14722
14724
14727
14726
14435
14437
14433
14432
11238
11239
13809
13808
11230
11231
11232
11233
11234
11235
11236
11237
12578
12572
12570
12571
12577
12574
12575
11520
13625
11411
11412
13626
13621
13620
13623
13622
12763
12762
12760
12767
13628
12765
12764
10941
10940
14709
14701
13368
13360
13361
13362
13363
13364
13365
13367
11709
11704
11705
11706
11701
11702
11703
12143
12140
12147
12144
13492
13493
13490
13491
13494
13495
14112
14113
14111
10128
13140
13141
13142
13143
13144
13145
13146
13147
13148
10545
10547
10546
10541
10543
14609
14606
14607
14604
14605
10549
10548
13039
13034
13035
13036
13037
13030
13031
13032
13033
11096
12969
12965
12964
12967
12966
12961
12960
12962
13489
14738
14739
13488
14732
14733
14731
14736
14737
14735
11518
14427
14424
14425
14422
14423
14420
14428
13661
13660
10986
10980
12815
12814
12817
12816
12811
12810
12812
13815
12819
13813
12549
12548
11550
11553
11552
11554
11557
11556
11559
12601
12603
12604
12775
12776
12777
12770
12771
12778
12779
13636
13637
13634
13635
13633
13630
13638
13639
10607
10958
10952
10953
10950
10956
10954
11779
11778
11771
11770
11772
11777
11776
10040
10044
10603
12306
12158
12159
10604
10605
12154
12155
12156
12157
12150
12151
12153
11959
11958
14129
11955
11954
11957
11956
11951
11950
11953
11952
12032
10552
10553
10550
11429
11428
13825
13041
13040
13042
13045
13044
14707
14706
12978
12979
12976
12977
12974
12975
12972
12973
12970
14708
10918
10919
12768
14411
14201
14416
14415
14414
14418
12550
12804
12553
12803
12801
13820
13827
13826
12808
12809
