44287
44286
44285
45694
45319
44699
44128
44129
44126
44127
44124
44125
44122
44123
44120
44121
45005
45746
45808
45809
45806
45741
44502
45690
45740
44281
44280
44050
44233
44230
44231
44236
45735
44234
44235
44504
44601
44607
44606
44505
45317
44460
44506
44493
44690
44507
44490
44691
44817
44491
44695
44288
45658
43570
43571
45788
44041
44040
44515
44514
44045
44044
43778
43779
44049
43777
43802
43772
43805
45634
43771
43977
45846
45850
45881
45721
44109
44697
43524
45440
45807
45778
43983
43985
45804
43986
45805
45673
45333
45856
43974
45859
43976
43050
43970
43056
43055
43054
43505
43504
43110
43506
43501
43117
43115
45118
44275
45169
45168
45164
45167
43142
45160
45162
44867
44866
44865
44864
45772
44861
45855
43240
45773
45688
45369
44904
43620
44906
44907
45684
44901
44902
44903
43606
43607
43604
43605
45449
45111
45112
45113
45745
45115
43608
43609
45843
45840
45841
45662
45663
45660
45661
44243
44241
44240
45669
43235
43232
43231
43230
44647
44646
44645
44644
44643
44609
44641
44640
45204
45205
45206
43076
45202
45203
45734
45365
45208
45209
45361
45360
45015
45014
45647
45011
45013
45891
44017
44012
44010
44011
45385
45384
45387
45381
45380
45383
45382
45311
45389
45388
43732
43733
43730
43731
43736
45614
43734
43735
43302
43738
43739
45062
45064
45065
45066
45067
45068
45069
44333
43948
45876
43945
43944
43947
43946
43940
43943
43942
45224
45363
43128
43017
43540
43015
43014
43545
43547
43010
43549
43548
45229
43019
43787
43830
44425
43832
43783
43782
43837
43780
43930
43931
43932
43933
43934
43935
43420
43788
43541
45225
43907
43016
45862
43026
43906
43543
45786
43044
45630
43542
44503
43517
43013
45171
44813
45402
45403
45884
45406
43011
45404
45405
43512
44811
45659
45732
43926
43162
43160
43164
45743
45744
44710
45628
45629
45239
45238
45622
45623
45237
45236
45231
45230
45233
45232
45742
45875
43938
44693
44838
44839
43786
44720
44721
44836
44837
44830
44833
45121
45120
45123
45122
44413
45240
44423
45242
45243
45244
45245
45246
45247
45874
44119
44118
45750
44113
44112
44111
43836
44117
44116
44115
44114
45838
43348
43347
43006
43345
43344
43343
43342
43341
43340
44614
44615
45612
44610
44611
44612
44613
44618
45334
45335
45336
45337
44608
44429
45332
44840
45682
44428
44203
44202
44201
44875
45033
45830
44842
45636
45032
44470
44471
44473
44680
45312
44687
45036
43462
43463
43460
43920
43466
43467
43464
43465
43468
43469
44052
44053
43749
43748
44056
44057
44054
44055
44509
43740
43747
43746
45836
44512
44481
44688
44047
43449
44046
44483
45685
44048
44485
45775
45835
44484
43127
43126
43125
43123
43338
43804
45252
43773
43901
43336
43903
43902
43905
43518
43519
43516
43045
43046
43515
43040
43334
43511
45176
45177
45174
45871
45172
45826
43333
44870
45854
45827
44874
43330
45814
44878
45820
44905
43331
45817
45821
45410
45816
45861
45776
45810
45042
45679
45650
45769
45653
45652
45651
45041
45309
45308
45879
45654
45305
45304
45307
45306
45301
45872
45303
45302
43228
43229
43220
43221
43222
43223
43224
43227
44805
43358
44807
45782
45770
44714
45787
43359
45789
44651
44652
44653
44654
44656
44657
45378
45370
45371
45372
45373
45377
45771
44028
45002
44420
45001
44023
44022
44021
43910
44804
43728
45030
44024
43314
43315
43316
43317
43310
43311
45390
45657
43318
43319
45656
45727
45864
44301
43701
44254
44255
44256
45724
44250
44251
44253
44625
44624
44627
44626
44621
44620
44622
44445
44444
44446
44441
44440
44443
44442
45716
43952
43953
43950
43951
45714
45039
44637
45715
44039
45895
43553
43002
43551
43556
43557
43554
43555
43008
43009
43558
45899
45898
44633
43822
44431
44432
43793
45729
43824
44437
43413
43412
43410
43416
45678
45103
44809
44455
45409
45866
45617
45644
45439
45616
45680
45434
45433
45432
45431
45430
43074
43077
43119
43071
43070
43072
45613
44099
43078
43971
45645
45621
43972
44659
45226
45227
44628
43973
45223
45220
43112
45624
43113
45646
45784
44849
43111
44841
43116
44843
44802
44844
44847
44846
45132
45133
45130
43037
45619
44718
45503
45502
43502
45863
45506
45505
45504
44427
45761
45760
45767
45766
45822
45764
44265
44264
45040
44266
45828
44260
45044
44262
43211
43210
43213
43212
43215
43214
43217
43219
43351
45640
44511
43356
43357
44661
44663
44662
45618
44667
44666
44669
45341
45340
45342
45345
45344
45347
45346
45349
43840
44212
44510
44214
44215
44216
44217
45681
44408
44402
44401
45696
44403
43928
44405
44404
44406
43022
45885
45642
43434
43925
45883
43754
43755
43756
43750
43569
43458
43457
43456
43326
43321
43759
43451
43450
44104
44105
44106
44107
45867
44101
44102
44103
44067
44065
43025
44108
44062
44060
44314
44311
44310
44313
44312
45870
44319
44085
44084
44087
44086
44081
44080
44082
45889
44089
45003
43130
45248
45693
43135
43136
43137
43138
45873
43912
43913
43529
43528
43917
43914
43915
43031
43030
43033
43032
43527
43526
43525
43036
45692
45148
44629
45142
45140
45147
45146
45145
44026
44889
45166
45241
44887
44881
44880
44883
44882
45131
45801
43760
43145
43144
43147
43146
45896
43140
43143
43324
45719
43149
43148
43623
45868
45869
45648
45318
45135
45316
43758
45314
45315
44449
45865
45310
43320
43988
43323
43322
44702
44703
44814
44815
44706
44707
44704
44705
44708
44709
44818
45051
45768
45050
45053
44683
44682
44681
44110
44139
44138
44685
45034
44135
44134
44137
44136
44131
44130
44133
44132
43360
45819
43080
43081
43082
45056
43084
43085
45813
45812
43718
43719
44064
43711
43713
43716
43717
44221
44149
44223
43452
45723
44224
44638
44140
44141
44142
44143
44144
44145
44146
44147
44454
43968
44452
44450
44451
43963
43962
43961
43967
43964
45833
45832
45348
45831
45886
45887
43406
43407
45882
45844
43402
43403
43567
43566
43565
45845
43408
45888
43560
45695
44035
45459
43155
44030
43768
44032
43764
43767
43766
43761
43812
43811
43762
45849
45710
45428
45429
45701
45420
45711
45424
45426
43109
43067
43064
43065
43062
43060
43061
43101
43103
43102
43105
43107
43106
45219
45218
45213
45212
45211
45217
45216
45215
45214
45877
43939
45890
43066
43927
45698
45697
44853
44850
44851
44856
44857
44854
44855
43615
43614
43617
43616
43611
43610
43613
43612
45107
45106
45601
43619
45102
45101
45331
45851
45674
45853
45671
45779
44278
45672
44276
44320
44274
43908
44272
44273
44270
44321
43202
43203
43201
43206
43207
43204
43205
43209
44672
45880
44670
44671
44676
44677
44675
45330
45338
44678
45339
45352
45353
45350
45351
45356
43068
45354
45358
45359
44634
44418
45780
44412
44004
44410
44411
44001
44417
44003
44816
45249
45858
43721
43720
43723
43722
43725
43724
43727
43440
43337
43442
43443
43332
43445
43446
43447
45458
45207
45070
44070
44072
44074
44632
44076
44077
44306
44307
44304
44305
44302
44303
43001
45368
45897
44308
43523
44094
43003
44092
44093
44090
43522
43004
43521
43005
43534
43535
43536
43537
43531
43532
43533
43035
45362
43844
43845
43028
43029
43439
43438
43842
43843
43435
43023
43437
43021
43431
43430
43433
43432
45620
45631
44689
44890
44430
45052
45415
45414
45417
45416
45419
45418
45686
43156
43157
43154
43821
43152
43153
43150
43151
44095
43158
45638
45328
44436
45323
45322
45321
45320
45327
45326
45325
45324
44438
44859
44439
45144
45054
44822
45894
44820
44827
44826
44825
44824
44828
45860
44730
45154
45155
45156
45157
45150
45152
45153
45255
45158
45159
45251
