73010
73011
73012
73013
73014
73015
73016
73017
73018
73019
73463
74063
73544
73548
73549
74756
73542
73543
73491
73541
74753
73461
73127
73120
73121
73089
73460
73942
73086
73084
73128
73082
73944
73080
74833
74832
74831
74830
74837
74836
74834
74839
73065
73064
73067
73066
73061
74066
73063
73062
74015
74014
74017
74016
73069
74010
74012
74964
74884
74883
74880
74881
74738
74536
74534
74535
74533
74530
74531
74538
74129
74128
74084
74085
74082
74083
74080
74081
74120
74127
74126
74436
67950
73768
73766
73764
73762
73763
73760
73761
74701
74338
74339
74337
74330
74331
74332
74333
73848
73843
73842
73841
73840
73844
73119
73118
73115
73114
73117
73501
73111
73507
73505
73601
73169
73949
74601
73160
73162
73165
74901
74051
73437
73434
74052
73432
73122
73430
74056
74059
74058
73438
73439
73029
73028
74759
73021
73020
74754
74755
73025
73024
73027
73026
73946
74578
73129
73933
73932
73931
73937
73939
73938
74472
74471
74470
74477
74572
74570
74571
74576
74577
74574
74875
74873
74872
74871
74829
74878
74935
74370
74750
73801
74019
73658
73659
73654
73655
74848
73650
73651
74849
74403
74401
74301
74011
73068
73722
73720
73726
73727
73724
73728
73729
73573
73572
73571
73570
73743
74653
74652
74651
74650
73622
73098
73099
74956
74957
74951
74953
73090
73092
73093
73095
73096
73097
74437
73007
74435
74434
74432
74431
73006
74824
74825
74826
74827
74820
73005
74438
73077
73074
73075
73072
73073
74008
73071
74006
73003
74002
74003
73078
73079
74079
74741
74078
74740
74743
74850
74963
74073
74501
74071
74070
74729
74344
74132
74133
74130
74131
74136
74137
74134
74135
74728
73759
73758
73753
73750
73757
73756
73755
73754
74640
74641
74349
73855
73857
73851
73852
73853
74340
74343
74342
73858
73859
74347
74346
74727
74748
74726
74724
73108
73109
73106
73107
73104
73105
73102
73103
73004
74962
74042
73401
74041
74046
74047
74044
74045
74048
74745
73038
73032
73033
73030
74760
73036
74766
73034
74764
73537
74965
73533
73532
73531
73530
73539
73538
74547
74546
74966
74543
74540
74747
74549
74960
73528
74468
74469
73529
74464
74467
74460
74462
74463
74446
74860
74864
74865
74867
74868
74442
74441
74804
74560
74146
74145
74801
73669
73663
73662
73661
73660
73667
73666
73664
74368
73719
73718
73717
73716
73860
74644
74646
74647
73568
73569
73546
74643
73564
73565
73566
73567
73560
74722
73562
74720
73547
73142
74851
73141
73145
73149
74859
74421
74422
74423
74425
74426
74427
74428
74429
74852
74855
74854
74857
74856
73043
73042
73041
73040
73047
73045
73044
74033
74032
73049
73048
74037
74036
74035
74034
74038
74039
73447
73446
73444
73443
73442
73441
73440
73449
73448
74107
74106
74105
74104
74103
74450
74452
74459
74458
74108
74030
74954
73540
74955
74358
74359
74352
74350
74354
74363
73139
73132
73131
73130
74604
73135
73134
74761
73947
73744
73746
73747
73741
73742
73628
73627
73626
73625
73624
73749
73620
73555
73554
73557
73556
73551
73002
73553
73552
74075
74074
73559
74072
73009
73008
73945
73835
73520
73521
73526
73527
73951
73950
73481
73487
74552
74553
74554
74555
74556
74557
74558
74569
73503
73116
73110
74525
74521
74523
74522
73112
74528
74455
74054
74454
74457
74456
74451
74068
73771
73773
73772
73151
73150
74943
74940
74942
73701
73703
73705
74631
74630
74633
74632
74637
74636
74730
74731
74733
74734
74735
74736
73159
74944
74959
74932
74930
74931
74936
74937
73179
73673
74939
73173
73170
73425
74026
74027
74020
74021
74022
74023
74842
74843
74840
74028
74029
74844
74845
73058
73059
73054
73055
73056
73057
73050
73051
73052
73053
74430
73450
73453
74723
73455
73456
73901
73458
73459
74110
74447
74112
74445
74114
74115
74116
74117
74561
74119
74563
74562
74565
74567
74902
74060
74050
73550
74053
74367
74366
74365
74364
74061
74361
74360
74055
74369
73433
73832
73638
73834
73639
73838
74062
74001
74941
74949
74948
73645
73644
73647
73646
73641
74946
74945
73642
74869
73731
73730
73733
73735
73734
73737
73736
73739
73738
73632
