97023
97022
97540
97544
97383
97380
97381
97386
97384
97385
97388
97389
97013
97011
97016
97017
97014
97015
97018
97019
97638
97639
97632
97633
97630
97636
97637
97634
97635
97901
97903
97904
97905
97906
97907
97908
97909
97333
97331
97330
97338
97707
97702
97701
97449
97527
97524
97525
97522
97523
97520
97441
97443
97442
97444
97447
97446
99362
97874
97875
97876
97877
97870
97873
97203
97202
97201
97206
97205
97204
97209
97208
97119
97118
97117
97116
97115
97114
97113
97112
97111
97110
97741
97068
97063
97062
97060
97067
97065
97064
97641
97640
97830
97833
97834
97835
97836
97837
97838
97839
97368
97369
97364
97365
97366
97367
97360
97361
97362
97416
97417
97414
97415
97412
97413
97410
97411
97419
97845
97844
97846
97841
97840
97843
97842
97848
97489
97488
97484
97487
97486
97481
97480
97144
97145
97146
97147
97140
97141
97029
97028
97027
97026
97024
97148
97149
97021
97020
97498
97499
97351
97321
97322
97324
97325
97326
97327
97329
97492
97739
97738
97733
97732
97731
97730
97737
97736
97735
97734
89421
97458
97459
97452
97453
97450
97451
97456
97457
97454
97455
97801
97355
97357
97604
97603
97219
97601
97352
97214
97218
97216
97217
97210
97211
97212
97213
97215
97358
97108
97109
97101
97102
97103
97106
97107
97089
97080
97086
97070
97071
97920
97317
97423
97420
97426
97424
97429
97856
97857
97850
97859
97225
97224
97227
97221
97220
97223
97222
97496
97497
97494
97495
97229
97493
97490
97526
97448
97038
97130
97133
97132
97135
97134
97137
97136
97030
97031
97032
97033
97034
97035
97037
97760
97761
97880
97883
97882
97885
97884
97886
97720
97721
97722
97049
97048
97045
97041
97040
97042
97131
97039
97504
97501
97502
97503
97818
97819
97812
97813
97810
97817
97814
97346
97347
97344
97345
97342
97343
97341
97348
97266
97467
97466
97465
97463
97462
97461
97469
97267
97391
97390
97392
97394
97396
97001
97002
97005
97004
97007
97006
97009
97008
97621
97620
97623
97622
97625
97624
97627
97626
97914
97913
97911
97910
97918
97302
97303
97301
97711
97710
97304
97305
97535
97534
97537
97536
97438
97439
97532
97434
97435
97436
97437
97430
97431
97862
97867
97865
97864
97869
97868
97236
97541
97543
97232
97233
97230
97231
97239
97306
97712
97531
97530
97122
97123
97121
97127
97124
97125
97128
97539
97538
97751
97750
97753
97752
97754
97756
97759
97758
97058
97056
97057
97054
97138
97053
97050
97051
97827
97826
97825
97824
97823
97820
97828
97055
97373
97371
97370
97377
97376
97375
97374
97378
97405
97404
97406
97401
97403
97402
97408
97350
97470
97471
97473
97476
97477
97478
97479
