16830
19390
16839
19154
19405
19151
19150
19153
19152
16671
16670
16673
16672
16674
16677
19372
16679
16678
16253
16250
16256
16255
16254
16259
16258
16701
15483
17250
17251
17252
17253
17254
17255
17256
17257
17030
19014
17032
15480
17034
17035
17036
17037
17038
17039
15486
19017
19010
15866
15484
19012
19013
17876
18337
18459
18458
18453
18452
18451
18457
18456
18455
18454
17728
17729
15860
17724
17727
17721
17723
16925
16927
16926
16921
16920
16923
16922
18066
18854
16929
16928
18851
18850
15868
15717
15716
15715
15714
15713
15712
15711
15710
19406
19403
18929
19401
18923
18920
18925
18702
18701
18707
18706
18705
18704
18709
18708
15668
17829
15663
15662
15661
15660
17823
15666
15665
17820
19373
18636
18635
18634
18632
18631
18630
15447
15446
15445
15444
15443
15442
15440
15449
15448
19330
19333
15043
15042
15047
15046
15045
15044
15049
15007
15006
19380
19382
19383
15005
19148
19149
19146
15551
19144
19145
19142
19143
19140
19141
16662
19367
16661
16666
16667
16664
16665
16668
16669
16066
16061
16063
16248
16249
16244
16245
16246
16240
16242
19560
19562
19564
19565
19567
19128
17538
17535
17536
17532
16802
16803
16801
17557
17220
17758
17551
17751
17750
17752
17754
17756
16936
16937
16935
16932
16933
16930
18840
18842
18843
18844
18845
16938
16939
15701
15870
19511
18935
18936
18930
18932
19604
18938
18444
18445
18446
18447
18441
18443
15675
15676
15677
15670
15671
15672
15673
15678
15679
17830
17832
17834
17835
17836
17837
18621
18622
18623
18624
18625
18626
18628
18629
15906
15451
15904
15905
15902
15455
15456
15901
15458
15459
15909
19344
19034
19102
19103
19345
19106
15290
19107
15059
15054
15055
15056
15057
15050
15051
15052
15053
17033
15765
19352
19350
19341
19608
16659
16657
16656
16127
19358
16121
16652
16651
16650
16950
19342
19343
16239
16238
16729
16728
16230
16233
16720
16235
16726
16725
16724
19085
16507
16054
16505
16504
16503
16502
16837
16344
16347
16834
16341
16501
16343
16342
17527
17522
17520
16838
19094
19095
17748
17749
17742
17740
17747
17744
17745
16901
15849
15848
15841
15840
15847
15846
15845
19061
18940
18942
18944
18947
18431
18430
18433
18435
18434
18437
18436
18439
18438
15601
19505
18092
18091
16746
15931
15930
15937
15936
15935
15934
15938
19036
18360
15116
15110
15112
19025
19035
19060
19032
19033
15692
15693
19031
15691
15697
17851
15028
15021
15020
15022
15025
15024
15027
15026
19554
15334
15337
15331
15330
15333
15332
15338
16648
19348
16640
16641
16134
16132
16645
16646
16647
16002
16001
16734
16735
16730
16731
16732
16733
17355
17606
17356
17603
17602
17353
17352
16228
16229
16222
16223
19087
16226
16224
15436
15437
15434
15432
15345
15430
15431
16820
16821
17519
17518
16352
16825
16826
16827
16828
17512
17517
17516
15865
15864
17777
17776
17774
17772
17771
15861
17779
17778
16411
15863
16914
16915
16917
16911
16912
16410
18950
18951
18954
18955
18420
18421
18426
18427
18424
18425
18428
15612
15613
15610
15611
15616
15617
15615
15618
15856
15857
15851
15853
15928
15929
15924
15925
15926
15927
15920
15921
15922
15923
16345
18372
15108
18371
15106
15104
15102
15101
17980
17981
17982
17983
17985
18085
18086
18087
18080
18081
18083
18088
19446
15038
15033
15030
15031
15037
15034
15035
19111
15327
15324
15325
15322
15323
15320
15321
16738
19118
15329
18660
16102
16101
19335
16105
15780
17945
19047
19029
16038
16037
16036
16035
16034
16033
19020
19023
16030
16217
16740
16743
16214
16213
16212
16211
16210
16749
17347
17344
17345
17343
17340
16218
17827
19041
19040
19518
17824
18336
17822
17821
17505
17507
17501
17502
17508
17509
16362
16361
16360
16365
16364
16693
16692
16691
16695
16694
16699
17760
17762
17763
17764
17765
17767
17768
16136
16137
16133
16130
16131
18969
18966
18964
18962
18960
18419
18417
18415
18414
18413
18411
18980
15629
15628
15627
15626
15625
15624
15623
15622
15621
15620
19374
15821
15823
15825
15824
15827
15829
15828
15958
15489
15951
15482
15953
15952
15955
15954
15957
15956
18343
18342
15139
18340
18347
18346
18344
15133
15132
15131
15137
15136
15135
17979
17978
17974
17976
17970
17972
15555
15554
15557
15004
15003
15550
15001
15552
15559
15558
15009
17889
17888
17881
17880
17885
17884
17887
17886
15313
15312
15311
15310
15317
15316
15315
15314
19109
19320
16028
16029
19038
16020
16022
16023
16024
16025
19030
16027
16201
16750
17372
17371
17370
17350
17601
16114
16115
16116
16117
16110
16111
16112
16113
17570
17572
17576
17579
17578
16374
16370
16371
16372
16373
16689
16685
16686
16680
16682
16683
17408
17404
17407
17406
17401
17403
17402
17081
17080
17083
17082
17084
17087
17086
17088
18619
18618
18970
18972
18974
18976
18977
18610
18403
18405
18407
15638
15639
15631
15632
15633
15634
15635
15636
15637
18616
15832
15834
15126
15949
15120
15122
15942
15943
15940
18195
15946
15129
15944
15945
18354
18355
18356
18357
18350
18351
18352
18353
17968
17967
17964
17965
17963
17960
17961
15010
15547
15012
15545
15542
15015
15540
15541
15018
15019
16354
16823
15490
15492
16353
16350
16351
16829
19139
19138
19137
19136
19135
19134
19133
15301
19131
19130
19009
19008
19003
19002
19001
19007
19006
19004
15948
16563
15089
16161
16160
19312
19311
19310
19319
17562
17563
17560
17566
17565
17569
19063
15081
16301
19064
19067
19066
17364
17365
17366
17360
17361
17362
17363
17368
16947
16946
16417
16416
16943
16942
16941
16412
16948
17093
17090
17097
17094
17098
17099
19015
19147
18219
18218
18214
18216
18211
18210
18212
19365
19362
19363
18503
18505
18504
18507
18509
18508
15801
18328
18321
18323
18322
18325
18324
18327
18326
17959
17953
17952
17951
17957
17954
16858
18035
18034
18037
18036
18031
18030
18032
18038
15379
15546
19120
15370
19122
19123
19124
15544
15377
15376
15014
19492
15017
15205
15204
15207
15206
15201
15203
15202
15209
15208
19301
17229
17228
17225
17224
17555
17554
17221
17552
17223
17550
16319
16312
16313
16311
16316
16317
16314
19510
16321
19512
17311
17236
17313
17315
17314
17317
17316
17319
17318
17235
17545
16406
16407
16404
16405
16402
16403
16401
17547
19610
19611
17045
17044
17047
17046
17041
17040
17043
17042
17049
17048
18202
18201
18512
18510
18517
18518
18519
15142
15143
15140
15146
15147
15144
15145
15148
17944
15781
17946
15783
15784
17941
17943
18332
18333
18330
18331
17948
17949
18334
18335
18020
15564
15560
15561
15562
15563
15960
15961
15962
15963
19132
15368
15362
15363
15360
15361
15366
15367
15364
19468
19465
19464
19460
19462
16822
15216
15217
15214
15215
15212
15213
15210
15211
15218
15219
19605
16546
16046
16148
16146
16145
16143
16142
16141
16140
16327
16326
16323
16322
17238
17239
17540
17237
17543
19519
17233
16329
16328
19607
17302
17301
17306
17307
17304
17309
16433
19601
16436
16435
16434
17120
16438
17056
17057
17055
17052
17053
17050
17051
17058
17059
17529
18239
18370
18232
18231
18230
18237
18235
18234
18834
18837
18831
18830
18833
18832
18655
18657
18656
18651
18302
18301
17931
17930
17933
15779
15778
17936
15775
15774
15777
15776
15771
15770
15773
15772
19129
18013
18011
18017
18016
18015
18014
15510
18018
15689
15688
17845
17844
17847
17846
17841
17840
15687
15686
18848
19547
15357
15424
15427
15421
15420
15351
15350
15429
15428
15359
15358
19477
19474
19475
19472
19473
18846
18847
15223
15222
15221
15220
15227
15226
15225
15224
15229
15228
19606
16159
16150
16151
16153
16154
16155
16156
16157
16882
16331
16332
16881
16334
16335
19501
17202
17201
19508
19317
19316
17339
17331
17113
17112
17111
17110
16428
16424
16426
16427
16420
16421
16422
16423
17063
17062
17061
17060
17067
17066
17065
17064
17069
17068
18828
18829
18826
18824
18825
18822
18823
18821
18644
18642
18643
18640
18641
19046
17922
17923
17920
17921
17925
15767
15764
17929
15762
15760
15761
18224
18225
18220
18221
18222
18223
18229
19044
15502
15501
15698
17859
17856
17857
15690
17855
15696
17853
17850
15695
15340
15341
15342
15435
15344
15433
15346
15347
15348
15349
15438
18653
19375
19442
19440
19113
19444
19112
19115
19114
15238
15239
15234
15235
15236
15237
19043
15232
15233
19050
17935
17934
19053
17938
19533
19530
19536
19535
19534
19539
19538
16639
16638
16635
16634
16637
16636
16631
16630
16633
16415
17329
17320
17321
17322
17324
17325
17327
17101
17102
17103
17104
17109
16940
17214
17215
17217
17210
17211
17212
17213
17219
17078
17074
17075
17076
17077
17070
17071
17072
17073
16855
16854
16851
16853
16852
17584
16859
17581
17582
16865
15450
15454
18818
18812
18810
18817
18816
18814
15759
15753
15752
15750
15757
15756
15754
18251
18250
18252
18255
18254
18256
15537
15536
15535
15534
15533
15532
15531
15530
15539
15538
18079
18078
18071
18070
18073
18072
18074
18077
18076
17868
17862
17861
17860
17867
17866
17865
17864
18105
18104
15401
18106
18101
18103
18102
18109
19027
19026
19021
15681
15680
19022
15683
16340
15684
16745
17842
16744
15241
15243
17349
19054
19055
19056
19057
16748
19104
19454
19456
19457
19453
19529
19525
19526
19520
19522
19523
16627
16624
16625
16622
16623
16620
16621
16442
16443
16440
16441
16444
15425
17261
17260
17263
17262
17265
17264
17267
17266
17268
15352
15423
15422
17009
17003
17002
17005
17004
17007
17006
16847
16844
16845
16843
16840
16841
16848
16849
17222
18801
15744
15745
15746
15747
15741
15742
15748
18661
17901
18242
18240
18241
18246
18244
18245
18248
18249
15520
15521
15522
18068
18069
17870
17872
18062
18063
17878
18067
18064
15419
15417
15410
15411
15412
15413
19083
19082
19081
16059
19086
16509
16508
16055
16506
16057
16056
16051
16050
16053
16052
19422
19425
19426
19428
19559
19072
19073
19551
19550
19555
19070
16619
16613
19076
16611
16617
16616
19116
19074
19075
19078
19119
19079
15658
17272
17270
17271
18853
17018
17019
17013
17010
17011
17016
17017
17015
16872
16871
16870
16877
16876
16875
16874
16879
16878
15353
18471
18470
18473
18472
17702
17701
19609
19355
16125
16124
16655
15731
15730
15733
15732
15734
15737
15736
15739
15738
18612
18615
18614
18617
16120
16123
19602
18901
18902
18056
18055
18054
18053
18052
18051
15088
15087
15086
15085
15084
15083
15082
18059
18058
17801
15644
15647
15646
15641
15640
15642
15469
15468
15461
15460
15463
15462
15464
15467
15466
15260
15065
15064
15067
15066
15061
15060
15063
15062
15068
19018
16048
16049
16510
16511
19096
16045
19090
16040
16041
19436
19437
19435
19438
19506
19549
16601
16602
19507
19542
19543
19540
19541
19504
19544
19545
16333
19503
16262
16263
16260
18349
17249
17247
17246
17244
17243
17241
17240
17027
17026
17025
17024
17023
17022
17021
17020
17029
17028
16232
16868
16727
16866
16860
16861
16863
16236
18469
18466
18464
18465
18462
18463
18460
18461
17731
17730
17737
17739
15722
15723
15721
15727
15724
15725
18602
18603
15728
15729
18917
18914
18915
18912
18913
18040
18041
18042
18045
18046
15378
15090
18049
17812
17813
17810
17814
17815
15656
15655
15650
15071
19121
15380
19125
15478
15479
19126
15472
15473
15470
19127
15476
15477
15474
15475
15076
15077
15074
15075
15072
16836
16835
15078
16346
16833
16832
