00987
00720
00688
00725
00727
00683
00682
00924
00680
00687
00923
00685
00921
00603
00602
00601
00606
00965
00694
00690
00692
00693
00698
00918
00913
00912
00911
00917
00915
00754
00757
00751
00616
00617
00610
00612
00982
00723
00906
00907
00901
00909
00728
00729
00669
00745
00740
00741
00660
00662
00664
00667
00983
00920
00971
00976
00979
00773
00772
00771
00777
00775
00670
00778
00676
00677
00674
00962
00960
00961
00966
00949
00968
00969
00647
00646
00641
00769
00765
00766
00767
00791
00795
00794
00926
00957
00956
00953
00678
00951
00950
00650
00652
00653
00656
00659
00719
00718
00927
00715
00714
00717
00716
00782
00783
00780
00786
00784
00925
00624
00627
00959
00623
00622
00703
00707
00704
00705
00952
00736
00735
00731
00730
00934
00936
00739
00738
00637
00631
00638
00985
