02912
02838
02839
02836
02837
02835
02832
02833
02830
02831
02872
02898
02894
02895
02896
02891
02892
02893
02858
02888
02859
02874
02873
02861
02860
02863
02871
02865
02864
02904
02905
02907
02906
02908
02909
02842
02841
02840
02809
02808
02828
02825
02802
02827
02826
02807
02806
02911
02804
02882
02881
02910
02886
02885
02921
02889
02822
02916
02878
02875
02903
02915
02917
02814
02815
02816
02817
02876
02914
02812
02813
02919
02920
02852
02879
02818
02857
