29333
29210
29212
29330
29081
29351
29353
29355
29356
29853
29851
29850
29856
29329
29458
29325
29456
29455
29321
29320
29323
29322
29936
29130
29133
29135
29137
29138
29039
29038
29910
29160
29916
29915
29031
29030
29033
29520
29527
29526
29525
29036
29169
29229
29145
29147
29146
29628
29142
29624
29625
29626
29627
29620
29621
29051
29112
29365
29364
29369
29368
29082
29718
29506
29710
29712
29714
29715
29717
29404
29405
29406
29407
29401
29569
29568
29567
29566
29565
29564
29563
29409
29560
29819
29817
29816
29812
29810
29585
29584
29581
29580
29583
29582
29843
29588
29927
29926
29437
29080
29661
29662
29436
29664
29665
29666
29667
29669
29403
29922
29067
29065
29062
29063
29061
29101
29102
29105
29104
29107
29069
29615
29614
29617
29611
29613
29202
29203
29201
29206
29207
29204
29205
29208
29209
29324
29453
29079
29452
29451
29450
29448
29449
29724
29338
29726
29440
29728
29334
29335
29332
29445
29446
29331
29536
29530
29532
29844
29845
29847
29439
29438
29385
29384
29435
29434
29020
29388
29431
29849
29921
29432
29659
29658
29154
29152
29153
29150
29651
29650
29653
29655
29654
29657
29909
29372
29373
29370
29376
29377
29374
29375
29378
29379
29108
29180
29899
29471
29579
29472
29475
29474
29477
29570
29571
29572
29574
29575
29576
29577
29809
29801
29803
29805
29596
29594
29592
29593
29590
29591
29912
29697
29696
29691
29690
29693
29692
29053
29052
29118
29911
29056
29055
29054
29505
29113
29059
29058
29501
29117
29114
29115
29918
29836
29032
29554
29607
29605
29037
29601
29609
29821
29732
29733
29730
29829
29303
29302
29301
29307
29306
29493
29492
29945
29944
29941
29940
29943
29111
29541
29540
29543
29014
29545
29544
29547
29546
29018
29831
29939
29832
29835
29834
29429
29426
29838
29424
29934
29423
29420
29163
29162
29161
29649
29166
29164
29642
29643
29640
29168
29646
29644
29645
29349
29346
29341
29340
29148
29860
29461
29466
29464
29468
29469
29929
29743
29742
29741
29745
29928
29127
29126
29125
29123
29122
29689
29686
29687
29684
29685
29682
29683
29129
29128
29902
29048
29840
29518
29519
29044
29045
29046
29047
29040
29042
29511
29841
29680
29681
29842
29631
29630
29635
29634
29905
29639
29638
29904
29907
29016
29906
29015
29516
29223
29225
29923
29512
29010
29510
29924
29316
29709
29708
29707
29706
29704
29702
29920
29488
29470
29485
29487
29481
29482
29483
29932
29001
29550
29003
29556
29848
29006
29555
29009
29935
29479
29418
29826
29827
29824
29412
29828
29410
29414
29676
29673
29672
29671
29670
29678
29075
29074
29178
29070
29073
29072
29175
29170
29078
29172
29720
29727
29360
29729
