57720
57722
57724
57725
57110
57117
57759
57758
57755
57754
57756
57751
57750
57201
57752
57574
57577
57576
57571
57479
57572
57474
57475
57476
57477
57579
57471
57472
57473
57052
57501
57050
57051
57057
57054
57055
57058
57059
51023
57376
57375
57374
57373
57371
57370
57379
57638
57639
57456
57788
57457
57782
57783
57780
57787
57785
57658
57714
57717
57716
57719
57651
57652
57656
57657
69201
57538
57029
57028
57341
57531
57022
57533
57532
57027
57534
57537
57536
57212
57213
57650
57256
57257
57251
57252
57718
57625
57217
57621
57620
57623
57622
57445
57446
57328
57329
57442
57324
57325
57449
57321
57322
57323
57430
57381
57432
57433
57434
57435
57436
57437
57438
57439
58623
57021
57020
57269
57268
57265
57264
57266
57261
57260
57263
57262
57025
57026
57024
57661
57660
57580
57584
57585
57218
57219
57748
57747
57744
57745
57214
57216
57741
57566
57567
57564
57562
57563
57560
57401
57568
57569
57104
57105
57106
57107
57069
57103
57067
57066
57065
57064
57108
57062
57061
57626
57315
57314
57317
57311
57313
57312
57068
57319
57063
57361
57362
57363
57364
57365
57366
57367
57368
57369
56144
82701
57255
57791
57790
57793
57794
57702
57703
57701
57706
57258
57259
57528
57529
57522
57523
57520
57521
57441
57440
58439
57221
57220
57223
57225
57224
57227
57226
57636
57634
57632
57633
57630
57631
57359
57358
57454
57455
57452
57450
57451
57350
57353
57355
57356
57762
57763
57034
57035
57036
57037
57030
57031
57032
57033
57038
57039
58653
57769
57570
56219
57470
68719
57278
57279
57276
57274
57272
57273
57270
57271
57012
57016
57779
57773
57772
57770
57776
57775
57553
57552
57551
57547
57555
57005
57004
57559
57006
57001
57003
57002
57481
57078
57070
57071
57072
57073
57075
57076
57077
57301
57380
57053
51001
57738
57735
57732
57730
57232
57233
57231
57236
57237
57234
57235
57601
57239
57348
57349
57467
57466
57465
57342
57469
57468
57346
57344
57345
57197
57041
57040
57043
57042
57045
57047
57046
57049
57048
58649
57238
56164
57461
57460
57340
57013
57799
57249
57248
57243
57242
57241
57792
57247
57246
57245
57448
57764
57766
57767
57760
57761
57649
57648
57646
57645
57644
57642
57641
57640
69216
69212
57548
57018
57544
57017
57014
57015
57540
57541
57010
57543
57332
57331
57330
57337
57335
57334
57339
57427
57426
57424
57422
57421
57420
57386
57384
57385
57382
57383
57429
57428
