37692
37690
37691
37694
37362
37363
37360
37361
37366
37367
37365
37369
37049
37048
37043
37042
37040
37047
37046
37919
37918
37915
37914
37917
37916
37912
38042
38040
38041
38046
38047
38044
38049
37221
37220
37188
37189
37186
37187
37184
37185
37183
37180
37181
37748
37218
37219
37216
37745
37214
37215
37212
37213
37742
37211
38482
38483
38481
38486
38487
38485
38488
37829
37828
37821
37820
37825
37826
37132
37130
37137
37135
37134
37138
37098
38388
38387
38381
38380
38382
38141
37923
42223
38260
38261
37415
37416
37410
37411
37412
37419
38501
38506
38505
38504
38316
38317
38315
38313
38310
38311
38318
37388
37881
37385
37387
37380
37409
37757
37408
37701
37880
37705
37708
37709
37090
37091
37318
37095
37096
37097
37313
37312
37311
37310
37317
37315
38039
37743
37174
37172
37171
38030
38037
38036
37179
37178
37774
37777
37771
37770
37772
37890
37128
37892
37779
37129
37175
37876
37877
37874
37872
37873
37870
37871
37878
37879
38107
38106
38105
38104
38103
38109
38108
38547
38545
38544
38543
38542
38541
38034
38549
38548
38468
38469
38464
38460
38461
38462
38463
38358
38359
38352
38351
38356
38357
38339
37891
37055
37057
37050
37051
37359
37357
37356
37355
37354
37058
37059
37351
37350
38425
37909
37902
38079
38077
38076
38075
38070
38580
37738
37228
37731
37730
37733
37732
37737
37240
37243
37217
37830
37680
37246
37924
37645
37641
37210
37643
37642
37127
37122
37421
37686
38589
38588
38390
38583
38582
38581
38391
38587
38585
38257
38256
38255
38254
38253
38251
38392
38259
38258
38152
37329
37018
37019
38457
38456
38451
38450
38453
38452
37010
37012
37013
37014
37015
37016
38321
38320
38327
38326
38329
38328
37305
37306
37307
37301
37302
37303
37308
37309
37069
37064
37067
37066
37061
37060
37062
38024
37659
38021
38023
38028
38029
37160
37075
37165
37166
37167
37766
37340
37764
37765
37762
37763
37760
37341
37601
37604
37769
37843
37841
37840
37847
37846
37845
37849
37848
38111
38112
38114
38115
38116
38117
38118
38119
37115
37110
37118
38455
38454
38551
38552
38553
38554
38555
38556
38558
38559
38367
38366
38365
38363
38362
38361
38369
38368
38201
38459
37348
37020
37023
37022
37025
37027
37026
37029
37028
37342
37343
37345
37347
37149
37938
37922
37932
37931
37888
37934
38068
37887
37886
38060
38061
37620
37885
38066
38067
38069
37729
37339
37338
37335
37723
37337
37721
37331
37727
37724
37332
37807
37806
37804
37803
37801
37809
37640
38063
38019
38018
38015
38017
38016
38011
38012
37656
37657
37650
37151
37150
37153
37658
37208
38240
38241
38242
42602
37201
38128
37614
38080
38120
38122
38125
38127
38126
72338
38569
38568
38560
38563
38562
38565
38564
38567
38449
38235
38237
38236
38231
38230
38233
38232
38334
38337
38330
38332
38333
37681
37722
37683
37682
37687
37334
37688
37370
37373
37336
37375
37374
37377
37376
37379
37726
37330
37333
37078
37079
37076
37074
37725
37072
37073
38050
38053
38052
38054
38057
38059
38058
37191
37190
37753
37752
37618
37209
37756
37755
37754
37205
37204
37207
37206
37616
37617
37203
37615
37854
37857
37851
37852
37853
37052
37101
37353
37352
38370
38371
38372
38374
38375
38376
38379
38401
37032
37033
37030
37031
37036
37037
37034
37035
37403
37402
37407
37406
37405
37404
38305
38301
37391
37397
37396
37394
37398
37716
37715
37714
37713
37711
37710
37719
37087
37086
37085
37083
37082
37328
37080
37326
37327
37324
37325
37322
37323
37321
37810
37811
37813
37814
37818
37819
38578
38008
38006
38007
38004
38002
38001
37663
37148
37660
37920
37921
37665
37664
37142
37143
37140
37141
37146
37882
37144
37145
38571
37865
37866
37861
37860
37863
37862
37869
38355
38138
38139
38132
38133
38131
38134
38135
37381
38473
38472
38471
38579
38477
38476
38475
38474
38572
38573
38570
38478
38577
38574
38575
38226
38348
38224
38225
38222
38220
38221
38341
38340
38343
38342
38345
38344
38347
38229
