79838
78851
78850
78852
75948
75949
75941
75942
75943
75944
75946
78611
77616
77617
77614
77615
77612
77613
77611
77619
75835
75831
75832
75833
75838
75839
76432
76127
79230
79231
75058
75052
75050
75051
75056
75057
75054
76628
76629
76621
76622
76623
76624
76626
76627
78669
78662
78663
78660
78661
78666
78664
78665
79001
79003
76710
76711
76712
79009
78504
78069
75934
78064
78065
78066
78067
78060
78061
78119
78717
75936
76578
76579
76574
75931
76577
76570
76571
76573
76088
75933
76084
76085
76086
75932
79054
76082
76053
78058
76401
76402
77978
79719
79718
76155
77973
79714
77971
77970
77977
77976
77975
77974
76884
76885
79537
76887
79530
76882
77578
77577
77575
77573
79538
77571
79848
77379
77378
77375
77374
77377
77376
77371
77373
77372
77338
78843
78840
77025
77024
77027
77026
77021
77020
77023
77022
77029
77028
77597
77591
77590
77598
75287
75449
75448
75447
75446
75441
75440
75442
77623
77622
77627
77625
77624
77629
75840
75845
75844
75847
75846
75849
75848
79547
75669
75668
79821
75661
75662
75667
79373
79372
79370
79377
75067
77803
75065
75063
75062
75061
76539
79379
75069
75068
78389
78380
78383
78382
78385
78384
78387
79406
79403
76365
76364
76367
76366
76360
76363
79382
79380
79381
79012
79013
79010
79011
79016
79014
79015
79018
79019
78019
78011
78010
78013
78012
78015
78014
78017
78016
78723
76508
78721
78727
78726
78725
78724
76501
78729
76502
76504
77964
77960
77961
77962
77963
77968
77969
78125
78124
78655
78654
78121
78652
78123
78122
79706
79707
76164
79703
78659
79701
77568
79527
79525
76210
79520
79521
77560
77561
77562
77563
77564
77565
77566
79529
76180
77368
76182
77367
77364
77365
77362
77363
77360
78879
78873
78872
78871
78870
78877
77036
77037
77034
77035
77032
77033
77030
77031
77038
77039
77586
77587
77584
77585
77583
77580
75754
75757
75756
75203
75202
75459
75457
75454
75455
75980
75453
75450
75451
78677
77630
77632
75852
75853
75850
75851
75856
75855
75858
75859
78676
75180
75181
75182
75189
79830
78415
79834
79835
79836
79837
75672
79839
75670
78417
78416
78410
78635
78634
75070
75071
78636
75074
75075
75076
75077
75078
76109
78934
78935
78633
75270
78932
78632
78933
76105
76104
78931
76107
76106
78735
78393
78390
78391
78638
76103
78266
78264
78263
78260
78261
78737
76379
76377
76374
76372
76373
76370
76371
79029
79027
79025
79024
79022
79021
78008
78009
78002
78003
78001
78006
78007
78004
78005
76518
76519
78738
78739
78734
76513
78736
76511
78730
78731
78732
78733
78640
76179
78642
78643
78132
78133
78130
78648
79731
79730
79735
76177
76207
79511
76205
79517
76201
79519
79518
76208
76209
77359
77358
77351
77350
77357
77356
77355
77354
78641
79739
79355
79606
79357
79356
79351
79350
79353
78644
79359
79358
78645
78860
78861
79733
78219
78218
79734
78215
79512
77003
77002
79510
77007
77006
77005
77004
77009
77008
75469
75468
75462
75460
77640
77642
75862
75861
75860
75647
75645
75644
75643
75642
75641
75640
79738
75089
75088
75087
75081
75080
75082
75243
75241
75240
75247
75246
75244
75249
75248
79607
79605
78259
78258
78253
78252
78251
78250
78257
78256
78255
78254
79601
76691
76690
76693
76692
79039
79031
79032
79033
79034
79035
78039
78728
79903
78749
78748
78741
78742
78745
78744
78747
78746
79908
77901
79720
77904
77905
78102
78101
78107
78104
78109
78108
76233
77345
77346
76230
77340
77342
76234
79504
79505
76239
76238
79501
79502
79503
79091
76527
79347
76525
76524
76523
76522
76520
77836
77837
79096
77835
77833
77830
76528
79098
79092
79094
79093
78549
79560
78548
79508
75501
75503
79097
77018
77019
77014
77015
77016
77017
77010
77011
77012
77013
76834
76837
76836
76831
76832
75474
75475
75476
75477
75470
75471
75472
75473
78619
75478
75479
88063
77659
78618
77650
77651
77656
77657
77655
75650
75651
75652
75654
75656
75657
79005
79007
75146
75631
79766
75098
75094
76490
75092
75093
75090
75254
75251
75252
75253
76306
76657
78244
78245
78247
78240
78242
78243
78248
78249
76650
76653
78063
76689
76682
76680
76681
76686
76687
75930
76685
79785
78712
79783
78021
78022
78023
78024
78025
78026
78027
78028
78029
79781
78758
78759
78752
78753
78750
78751
78756
78757
78754
79788
78719
79752
79755
79754
79756
79759
79758
76354
76357
78118
76351
78114
78116
78117
78112
78113
77331
76228
77334
77336
77339
76225
76226
76227
76087
76530
76531
79371
77808
76534
79376
76537
76538
77802
77801
79378
77807
78802
79404
78622
78801
79401
77489
77488
77486
77485
77484
77483
77482
77481
77480
77069
77068
78938
77061
77060
77063
77062
77065
77064
77067
77066
76827
76824
76825
79087
76823
76820
76821
77979
76828
79058
75401
75135
79086
75402
75407
75134
75409
75137
79059
77665
77664
77663
77662
77661
77660
77465
77464
77467
77466
77461
77460
78236
77469
77468
78330
79713
79535
79902
79534
79536
75032
79533
79532
75791
75790
75792
76888
75229
75228
79052
75220
75223
75225
75224
75227
75226
78572
79053
78629
78231
78230
78233
78232
78235
78234
78237
75132
78239
78238
79544
79051
79545
77451
78589
78588
78586
78585
78584
78583
78582
78580
78349
78344
78341
78340
78343
78342
78565
78564
78567
78566
76039
78560
78563
78562
76035
76034
76036
76031
76033
79742
79540
79741
79410
79541
79748
79749
79543
78161
78160
78163
78162
78164
79233
76259
76258
77320
77326
77327
76251
76250
76253
76252
76255
79567
79565
79546
79369
79364
79366
79367
79360
79363
77498
79414
79415
79412
79413
78839
78838
78837
78836
77493
77494
78832
78830
78962
78631
78501
78579
77078
77079
77072
77073
77070
77071
77076
77077
77074
77075
75412
75413
75410
75411
75416
75417
75414
75415
75418
79411
78561
77476
77477
77474
77475
77473
77470
77471
77478
77479
78569
78602
75783
75780
75784
75785
75788
75789
75238
75232
75233
75230
75231
75236
75237
75234
75235
79743
79912
78222
78223
78220
78221
78226
78227
78224
78225
78228
78229
79407
78598
76048
78590
78591
78592
78593
78594
78595
78596
78597
79068
78358
78359
78357
78355
78352
78353
78351
78576
78577
78574
75925
76798
78516
76028
79081
79080
79083
79082
76022
76023
76020
76021
79063
79855
79062
78681
79778
79777
79772
79770
76248
76249
77318
77316
76240
76247
76244
76245
77861
77865
77864
77867
77868
79562
79563
79311
79313
79312
77328
79316
78828
78829
79561
79424
79566
78827
77458
79225
79556
79227
79226
79553
79220
88220
79229
77047
77046
77045
77044
77043
77042
77041
77040
77049
77048
76801
76802
73949
75939
75938
75428
75935
75426
75937
75424
75423
75422
75421
75420
79603
77443
77442
77441
77440
77447
77446
77445
77444
77449
77448
79602
75683
75682
75681
79782
75686
75684
75207
75206
75205
75204
75751
75750
75201
75752
75759
75758
75209
75208
79416
75110
75117
75116
75115
75114
78217
78216
75119
78214
78213
78212
78211
78210
78834
78833
78369
78368
78363
78362
78361
79539
78543
78542
78541
76018
78628
78545
76013
76012
76011
76010
76017
76016
76015
76014
78147
78146
78145
78144
78143
78142
78141
78140
79761
79762
79763
79764
79765
76491
78148
76309
76308
76655
76654
76305
76656
76651
76302
76301
76652
76475
76474
76476
76471
76470
79780
76472
77301
77302
77303
77304
77306
79789
77872
77873
77871
77876
77878
77879
79236
79237
79234
79235
76273
76272
76271
76270
79548
79549
79239
77050
77051
78963
77053
77054
77055
77056
77057
77058
77059
76878
78883
76871
76870
76873
76872
76875
76874
76877
75438
75439
75928
75929
75926
75431
75432
75433
75435
75436
75437
79036
76905
76904
76901
77459
76903
77454
77455
77456
77457
77450
76908
77453
75210
75211
75212
75214
75215
75216
75217
75218
75219
78623
78620
78621
79942
76116
75691
75692
75693
76114
76442
76111
78208
78209
75109
75104
75105
78202
78203
78204
75101
75102
75103
78886
78374
78375
78376
78377
78370
78371
78372
78373
78379
78558
78559
78557
78550
78552
78150
78151
78152
78154
78155
76481
76483
76484
76486
76487
76648
76649
76310
76311
76645
76642
76643
76640
76641
76466
76464
76462
76463
76460
77991
77990
77993
75060
77995
77994
76469
79336
79331
79330
77845
79339
77840
76006
76001
76002
76008
76009
77201
76261
76262
76263
76264
76265
76266
78201
76268
78205
77519
77518
77515
77514
77517
78207
77511
77510
76869
76862
76861
76866
76864
76865
79506
77429
77428
77420
77423
77422
77426
75773
75771
75770
75779
75778
79938
79930
79932
79935
79934
79936
79845
79346
79847
79846
79843
79842
75173
75172
79849
79344
79345
79342
79343
77335
75007
75006
75001
75002
75009
77831
78521
78520
78526
78953
78950
76679
76678
78419
78418
78954
78951
76673
78414
76671
76670
78411
76676
78413
78412
76453
76452
77988
76450
76457
76108
76455
76454
77982
77983
76459
76458
78639
77987
77984
76102
78956
78957
77859
79322
79323
79324
79325
79326
79329
77853
77855
77856
77857
76071
76070
76073
76077
76078
77533
77532
78949
78948
78947
78946
78945
78944
78943
78942
78941
78940
76857
76856
76854
76853
76852
77506
77507
77504
77505
77502
77503
76859
76858
77432
77433
77430
77436
77437
77434
77435
75904
75901
78159
75764
75765
75766
75760
75762
75763
79928
79922
79920
79927
79924
79925
78052
79854
75169
79852
79853
79851
75163
75160
75161
75166
75167
75164
75165
78722
75013
75010
75019
78538
78539
78536
78537
78535
76664
76665
76666
76667
76660
76661
78408
78409
78406
78407
78404
78405
78402
78880
78401
78626
78624
78881
76448
76449
76118
76119
76444
76445
76446
76115
76112
76110
76443
78884
78885
76596
76597
76598
76599
76063
76060
76061
76066
76067
76064
76065
79045
79044
79046
79041
79040
79043
79042
77880
88430
79261
78959
77089
77088
77083
77082
77081
77080
77087
77086
77085
77084
76841
76842
77538
76844
76845
76848
76849
77531
77530
77536
77535
77534
78657
78656
78653
75126
75127
78650
75124
77407
77406
75125
77401
79705
76939
76934
76935
76936
76937
76930
76932
76933
79526
75801
75803
75574
75571
75570
75573
75572
77713
75973
75972
75975
75974
75977
75976
75979
75978
79916
79915
79528
79911
75489
75488
75481
75480
77539
75482
75487
75486
77369
75157
75156
75155
75154
75153
75152
75150
75159
75158
75390
75023
75022
75021
75020
75025
75024
75028
79121
79124
79201
78613
78612
76129
78610
78617
78616
78615
78614
76431
76430
76433
76120
76435
76126
76437
76436
79699
78055
78057
78056
78503
78050
76059
76058
79056
79057
76055
76054
78059
76052
76051
76050
76544
79103
76541
76543
76542
79104
76549
76548
79105
79106
79107
77520
77521
77523
76123
79088
77412
78575
77414
77415
77417
77418
77419
78573
76949
78570
76941
76940
76943
76945
77094
77095
77096
77090
77091
77092
77093
77098
77099
79085
79084
78578
75568
75569
75566
75567
75565
75562
75563
75560
75561
77708
77705
77706
77707
75755
77701
77702
77703
75962
75960
75961
75966
75964
75965
75968
75969
79901
75708
75709
79904
79905
79906
79907
75702
75703
75701
75706
75707
75704
75705
75492
75493
75490
75491
75496
75497
75494
75495
75140
75141
75142
75143
75144
75633
75630
75147
75148
75149
75638
75639
79095
78338
78339
75038
75039
75034
75035
78332
78335
78336
76708
79101
79119
79118
79102
79111
79110
76429
78608
78609
78605
78606
78607
76426
76427
76424
78701
78703
78046
76049
78044
78045
78043
78040
78041
76040
76041
79061
76043
76044
79065
79064
76556
76557
76554
76550
76559
79247
79245
79244
79243
79241
79240
77581
79248
76134
76135
76137
76131
76132
76133
77954
77957
77951
77950
77551
77550
77554
77396
76117
76958
76953
76950
76951
76957
76955
75559
75558
75551
75550
75556
75555
75554
75959
75956
75954
75951
79314
79423
75603
75602
75601
75605
75604
75452
75048
79744
75041
75040
75043
75042
75044
79745
79108
79109
76639
76638
76637
76636
76635
76634
76633
76632
76631
76630
76384
76380
78671
78670
78672
78675
76389
76388
79070
79072
79078
79079
78073
78072
78071
78070
78076
78075
76701
76707
76706
76705
76704
78705
78704
76561
76567
76566
76565
78702
76569
76093
76092
79250
79251
79252
79255
79256
79257
79258
79259
76140
76148
77541
77546
77547
77545
77380
77381
77382
77384
77385
77386
77388
77389
76890
79831
