22504
23838
22469
22503
22508
22509
22460
23442
22664
23440
23441
22660
22663
23693
23692
23691
23690
24168
23696
24165
24167
24161
24162
24091
23511
22180
22181
22182
24651
24656
22185
23513
24092
24151
22003
24150
23846
23847
23844
23845
23842
23843
23840
23841
23960
23963
23962
23964
23967
23966
24093
24015
24554
24139
24017
24011
22715
22714
22716
22711
24271
22713
22712
24577
24013
22719
22718
22060
24570
22485
22480
22482
23308
24374
24377
22488
24620
24279
23662
23663
23661
23666
23664
23665
23669
23091
22901
22902
23092
22904
24592
23064
23065
23066
24134
23060
23061
23062
23063
24281
23146
24283
24282
23068
23069
23141
23140
22548
22620
22623
23324
22625
22624
22627
23320
23486
23487
22542
24130
22546
24120
24121
20139
24088
24124
23456
23704
24083
20132
20130
20137
20136
20135
24084
24171
22974
22976
22971
22973
22972
22302
22303
24597
22301
22306
22307
22304
22305
22308
22309
24450
24598
22435
22436
22437
22432
22433
22438
23433
23432
23430
22539
22538
23435
23434
22535
22534
23438
22530
22124
22125
24018
24019
24153
24330
24014
23803
24016
23801
23806
23181
24012
23805
24622
23703
23180
23301
24628
23605
24239
24333
24649
23359
24230
24236
24237
23936
23937
23934
23221
23930
24442
23938
24440
23303
23059
23509
23508
23055
23608
23505
23056
23503
23050
24657
24526
24527
24520
24521
24522
24523
24487
24486
24485
24484
24483
24482
24579
24248
24245
24244
24246
24243
24085
23021
23022
23023
23024
23025
23027
23488
20176
20175
20171
20170
22931
22932
22935
22937
22936
22830
22831
22832
22834
22835
23551
24411
24412
24413
24415
24416
24138
23114
23115
23116
23117
23110
23111
23112
23113
23294
23119
22572
22576
22579
22578
22473
23306
22476
24053
24054
23651
24058
24059
24431
22849
22845
22844
22847
22846
22841
22840
22843
22842
24465
23876
24467
24574
24460
22153
22152
22151
22150
22408
22405
22407
22406
22401
22015
20194
20197
20191
20190
23875
23874
23879
23878
23976
20198
23974
24572
23507
23504
24571
23502
24201
24569
24202
22701
24562
24563
24565
24566
22709
23459
24368
23821
24366
24363
24360
24361
23129
23128
23125
23124
23126
23120
23123
23828
23089
23083
23086
23453
23084
23085
24528
24517
24529
23011
24228
23015
23457
23150
24293
24290
23153
23156
24613
20124
23883
22630
23881
20120
20121
23336
23337
22203
22202
22201
22639
22207
20129
22205
22204
22801
23238
22802
22807
23231
23230
23233
23235
23234
23237
23236
22968
22969
22967
22964
22963
22960
24586
24277
24580
24581
24421
24270
24422
24179
24588
24426
23882
22443
24272
24095
22448
24273
22209
23837
22643
23347
23834
23833
23832
23831
22529
24090
23426
23427
23420
20117
22520
22637
24069
24147
23302
24142
23884
24141
24060
23885
24065
24064
24067
22646
24343
23307
24133
24635
22644
24630
23888
23889
23707
22206
24322
24323
22749
24326
22066
24324
24325
22742
22743
22740
22741
22747
24378
23901
23968
24578
23909
24375
24347
23887
22041
24646
24382
23518
23701
23510
23047
23045
23043
23040
23517
24551
24550
24553
24555
24104
24557
24556
24558
24105
24225
24224
24258
24256
24348
24250
24251
24221
24220
23604
20169
23606
23607
23601
23602
23603
20164
20165
20166
22922
22923
22920
23702
23161
23160
23163
23169
23168
23460
23461
22560
23464
22567
24318
22939
20119
20118
22938
20115
22642
22641
22640
20111
20110
22645
20112
24314
24316
24102
24122
24101
22853
22850
22851
24476
24477
24474
24472
24473
24471
24479
22027
22026
22025
23415
23414
23417
23416
23943
23410
23413
23418
23850
20186
20187
20184
23868
20180
20181
23866
23867
23860
24292
24020
24604
24607
23944
24601
24603
24602
24589
24609
23942
24210
23947
23304
22733
22732
22731
22730
22737
22736
22735
22734
22738
23093
22903
24352
24351
24350
24354
23523
23138
23139
23130
23836
24504
24502
24503
24501
23002
23004
23005
23009
20151
20152
20155
20158
23830
22603
22602
22601
22812
24370
22810
22811
23187
23185
22815
23222
23223
23220
23188
23226
23227
23224
23225
24605
22959
22958
22952
23421
24439
23422
24432
24433
24430
23423
24437
24435
22101
22102
23149
22454
23148
23356
23357
23354
23824
23350
23827
23451
23829
22511
23452
23455
23454
23358
22514
24078
24079
24176
24175
24174
24072
24073
24070
24076
24077
22214
22211
22213
24641
24401
22193
22192
22191
24055
23891
23890
23893
23325
22079
24319
22172
24317
23323
24315
24066
24313
24312
24311
23322
23857
23856
23851
23321
23915
23917
22580
23899
24340
23898
24606
24639
23079
23072
23071
23070
23076
23075
24634
24540
24541
23480
24549
24380
24381
24269
24637
23894
23462
24263
24260
24089
24265
24631
24211
24216
24217
23897
24112
24184
24148
24127
24266
24128
24082
22911
24219
24149
24464
24087
24086
23173
23176
23177
23175
22654
22655
22656
22657
22650
22652
22556
22554
22553
23919
22551
24137
24136
23250
23709
23708
24131
20109
20106
23313
23310
20105
23316
23314
23315
22980
22989
22311
22310
24441
22312
22315
22314
24445
23389
24448
22030
22031
22032
22033
22035
22039
23950
23407
23952
23405
23954
23401
23958
23959
22427
22134
23408
23409
24595
24594
24185
24328
24614
24612
23192
24458
24459
24593
23395
22044
22046
22728
22729
22043
22042
22724
24226
22726
22727
22720
23398
22722
22723
23924
23927
24457
23921
23920
23923
23922
24599
24132
24280
23109
23108
24590
23103
23102
23106
23228
24539
24538
24531
24530
23229
24536
24534
23039
23038
23035
23032
23030
20143
20141
20147
20144
23872
22610
22611
20148
24301
23219
22946
22947
22940
22942
22943
22827
22824
22948
22949
22821
22820
23839
23437
23970
23436
