05778
05461
05462
05463
05464
05465
05677
05676
05468
05678
05772
05773
05774
05673
05776
05777
05672
05262
05260
05261
05301
05675
05674
05873
05872
05871
05833
05874
05763
05679
05457
05744
05456
05663
05660
05661
05667
05664
05495
05494
05762
05669
05491
05492
05253
05252
05251
05250
05257
05255
05254
05091
05701
05837
05765
05868
05866
05867
05860
05862
05820
05065
05067
05060
05061
05149
05148
05146
05143
05142
05141
05832
05488
05489
05486
05487
05655
05485
05482
05483
05651
05481
05404
05089
05403
05401
05083
05081
05086
05084
05819
05602
05822
05158
05766
05150
05151
05152
05153
05154
05155
05156
05648
05649
05764
05062
05640
05641
05647
05761
05439
05760
05770
05875
05068
05069
05001
05734
05735
05736
05737
05730
05732
05733
05656
05101
05738
05739
05345
05836
05346
05341
05340
05343
05342
05839
05826
05658
05657
05039
05038
05037
05036
05035
05034
05033
05032
05031
05740
05743
05654
05059
05058
05747
05847
05055
05653
05056
05051
05050
05053
05052
05356
05458
05354
05355
05352
05353
05350
05827
05828
05450
05452
05455
05454
05358
05359
05903
05902
05901
05907
05906
05905
05904
05841
05448
05753
05405
05769
05829
05652
05201
05751
05757
05048
05046
05758
05045
05042
05043
05040
05041
05363
05362
05361
05360
05442
05443
05440
05441
05446
05447
05444
05445
05855
05857
05851
05850
05853
05859
05858
05830
05408
05748
05650
05477
05476
05079
05474
05473
05472
05471
05767
05072
05071
05070
05077
05076
05075
05478
05775
05846
05459
05845
05842
05843
05821
05680
05681
05682
05161
05824
05742
05759
05825
