99146
99147
99144
98560
99143
99140
99141
99148
99149
98826
98827
98824
98822
98823
98821
98941
98940
98943
98942
98944
98828
98829
98569
98568
98368
98365
98364
98367
98366
98361
98360
98363
98362
98648
98649
98310
98311
98312
98645
98314
98315
98640
98641
98466
98467
98465
98501
98503
98502
98506
98004
98005
98006
98007
98001
98002
98168
98166
99323
98164
98008
99201
99203
99202
99205
99204
99207
98948
98101
99362
98188
99360
99361
99330
98260
98261
98262
98263
98264
98266
98267
98281
99109
98947
99102
99103
98946
99105
98862
98860
99354
98036
99036
99037
99034
99032
98033
99030
99031
99039
98602
98603
98601
98606
98607
98604
98605
98903
98039
98038
98422
98034
98037
98421
98031
98030
98424
98032
98321
98320
98323
98325
98327
98326
98329
98328
98042
98043
98045
98047
99322
98557
99320
98555
98552
98550
98251
98250
98253
98252
98255
98558
98256
99338
98134
98136
98133
98939
99217
99150
99173
98040
99171
99170
99176
99174
99179
98813
98812
98811
98817
98816
98815
98814
98952
98953
98819
98951
99345
98258
98376
98377
98374
98375
98372
98373
98370
98371
99321
99326
99324
98673
98672
98671
98670
99328
98675
98674
99329
98109
98108
98512
98513
98107
98106
98516
98103
98102
98257
98647
98559
98644
98581
98580
98583
98582
98585
98584
98587
98586
98589
98588
98902
98643
98178
98070
98072
98075
98074
98077
99151
98174
98177
99212
98207
98204
98205
99216
98203
98201
99218
98208
99359
98195
99353
99352
99350
99357
99356
98198
98199
99158
99344
98295
98294
98297
98296
98290
98292
99137
99136
99135
99134
99133
99131
98834
99139
99138
98857
98856
98855
98853
98852
98851
98850
98938
98859
98858
98934
99180
99181
98935
98930
98105
99003
99001
98932
99005
99004
99009
99008
98923
98922
98921
98926
98639
98638
98104
99130
98632
98631
98353
98122
98121
98387
98385
98383
98382
98381
98380
98026
98027
98024
98022
98023
98020
98388
98332
98333
98330
98331
98336
98337
98335
98338
98339
98563
98562
98248
98249
98565
98564
98243
98240
98241
98247
98244
98245
98092
99006
98416
98144
98146
98148
98418
98929
98003
99040
99169
98925
99164
99166
99167
99160
99161
99163
99206
98801
98802
99208
98349
98342
98340
98346
98345
98664
98665
98660
98661
98662
98663
98053
98052
98118
98119
98116
98117
98446
98115
98112
99333
98110
98443
99335
98592
98593
98590
98591
98596
98597
98595
99336
99363
98065
98068
98233
98232
99346
98230
98237
98236
98235
99343
98239
98238
99223
99349
98548
98651
98527
98526
98524
98288
98520
98286
98284
98282
98283
98280
98528
99121
99122
99123
99124
99125
99126
99128
99129
98840
98841
98843
98844
98845
98846
98847
98848
98849
99301
99155
99154
99157
99156
99018
99019
99153
99152
99016
99017
99159
99011
99012
99013
98628
98629
98837
98836
98831
98830
98833
98832
98620
98621
98936
98937
98624
98625
98626
98933
98635
98390
98391
98019
98394
98396
98012
98011
98010
99403
98014
99185
98499
98498
99402
98532
98444
98445
98305
98304
98303
98650
98447
98579
99401
98575
98576
98577
98570
98571
98572
98087
98402
98403
98404
98405
98154
98407
98408
98409
98158
98950
98642
99371
99101
98028
98029
98277
98276
98275
98274
98273
98272
98271
98270
98279
98278
98406
98155
99119
99118
99111
99110
99113
98021
99115
99114
99117
99116
98682
98683
98686
98684
98685
99025
99027
99026
99021
99020
99023
99022
99029
98611
98610
98613
98612
98901
98614
98617
98616
98619
98908
98439
98438
98430
98433
98126
98125
98354
98355
98356
98357
98350
98351
98059
98058
98057
98056
98055
98358
98359
98051
98050
98544
98547
98546
98541
98229
99337
98542
98224
98225
98226
98220
98221
98222
98223
99347
99341
98530
98531
98392
98533
98535
98536
98537
98538
99224
99348
99033
