54214
54217
54216
54211
54210
54213
54212
53569
53562
53563
53560
53561
53566
53565
53012
54661
54501
54603
54914
54915
54913
54911
54736
54737
54734
54601
54732
54733
54730
54731
54738
54739
54828
54849
53018
53019
54550
54638
54893
54826
54138
54139
54135
54136
54137
54130
54548
54895
54827
54832
54547
54546
53039
54149
53144
53146
53147
53140
54751
53029
53143
53027
53923
53920
53024
53926
53022
53924
53925
54495
54494
53218
53219
54491
54490
53214
53215
53216
53217
53210
53211
53212
53213
54952
54950
54956
54422
54423
54420
54421
54426
54427
54424
54425
54813
54812
54428
54810
54817
54814
54670
54772
54773
54770
54771
54470
53511
53510
53517
53516
53515
53518
54821
54946
54841
54170
54171
54173
54174
54175
54888
54177
54539
54757
53818
54082
54474
53179
53178
54979
53177
54829
53170
53172
54104
54107
54106
54101
54103
54102
54874
54822
54876
53108
54820
53103
53104
53105
54769
54459
54458
54768
54452
54451
54450
54457
54456
54455
54454
53089
53088
54645
53081
53080
53083
53085
53086
54859
54858
54857
54856
54855
54854
54853
54850
53074
53075
53076
53950
53070
53956
53072
53073
53813
53810
53811
53078
53079
53225
53224
53227
53554
53221
53220
53223
53222
54207
54204
54205
54202
53228
53559
53558
54767
53792
54512
54513
54929
54511
54517
54514
54515
54923
54922
54921
54519
54927
54703
54701
54847
54637
54636
54635
54634
54632
54631
54630
53005
54639
53949
54026
54027
54024
54025
54022
54023
54020
54021
54141
54140
54143
54028
53578
53049
53048
53045
53044
53047
53046
53040
53042
53543
53233
53916
54896
53913
53911
53910
53919
53038
53130
53132
53137
54232
53139
53031
53032
53033
53034
53035
53036
53037
54480
54481
53599
53598
54484
54485
54486
54487
53593
54489
54561
53590
53597
54566
54565
53594
53295
54806
54801
54968
54967
54966
54965
54964
54963
54962
54961
54960
53726
54418
54417
54416
54414
54413
54412
54411
54410
54985
54984
54986
54981
54669
54983
54982
54664
54665
54666
54667
54660
54482
54563
54568
53508
53504
53505
53506
53507
53501
53502
53503
54562
54488
54241
54246
54247
54245
54909
53581
54560
54529
54180
54564
54931
54901
54747
54746
54745
54742
54741
54740
54749
54748
53168
53167
54114
54115
54112
54113
54110
54111
54119
54839
54838
53719
53718
54805
53715
53714
53717
53716
53711
53713
54835
53098
54928
53092
53093
53090
53091
53097
53094
53095
53827
53826
53825
54836
53821
53820
54840
54837
54842
54843
54844
54845
54846
54830
53001
53003
53002
53948
53004
53007
53006
53944
53946
53947
53941
53943
53540
53541
53235
53544
53545
53546
53548
53549
54230
54208
54235
54234
54656
54651
54650
54934
54935
54937
54930
54653
54932
54933
54209
54446
54447
54440
54441
54442
54443
54527
54526
54525
54524
54448
54449
54521
54520
54307
54654
54657
54304
54303
54302
54301
54652
54659
54658
53534
53537
53536
53531
53530
53533
53532
53538
54621
54622
54623
54624
54625
54626
54627
54628
54629
53069
54013
54011
54010
54017
54016
54015
54014
54153
54150
54151
54156
54157
54154
54155
53953
53952
53951
53063
53195
53955
53058
53059
53057
53954
53050
53051
53959
53901
53816
53817
53122
53120
53121
53126
53125
53128
53129
53557
54479
53556
54475
53807
54476
54471
53555
54473
53226
53553
54201
54871
54870
54873
54872
54875
53551
53806
54970
54971
53550
54974
53928
54977
54408
54409
53929
54401
54403
54405
54406
54407
54619
54618
53142
54611
54610
54613
54612
54615
54614
54616
53579
53922
53571
53570
53573
53572
53575
53574
53577
53576
53023
54655
53149
53585
53586
53587
53580
53021
53582
53583
54904
53020
53588
53589
54902
54725
54724
54727
54726
54721
54720
54723
54722
54729
54728
53405
53404
53406
53403
53402
54493
54889
54558
54559
54750
54556
54754
54755
54756
54557
54758
54759
54554
53158
53153
54552
53151
53150
53156
53154
54123
54121
54120
54127
54126
54125
54124
54555
54129
54128
54159
53706
53704
53705
53702
53703
53939
53013
53010
53011
53016
53017
53014
53015
53931
53930
53933
53932
53935
53934
53937
53936
53203
53202
54891
53207
53206
53205
53204
54545
53209
53208
54541
54540
54542
54941
54940
54943
54942
54945
54944
54947
54880
54949
54948
54538
54430
54433
54435
54437
54436
54530
54531
54824
54534
54536
54537
54646
54311
54644
54313
54642
54643
54641
54761
54760
54763
54762
54765
54648
54766
53526
53527
53525
53522
53523
53520
53521
53528
53529
54848
54819
54499
54227
54220
54228
54229
54166
54165
54162
54161
54160
54169
54498
54009
54004
54005
54006
54007
54001
54002
54003
53181
53182
53183
53184
53185
53186
53188
53189
53061
53066
53065
53192
53191
53190
53119
53118
54980
53115
53114
53110
54469
54466
54467
54465
54462
54463
54460
54862
54861
54867
54864
54865
54868
53809
53808
53964
53965
53963
53960
53961
53801
53803
53802
53805
53804
53968
53969
