26836
26288
26378
26377
26376
26374
26372
26575
26574
26576
26571
26570
26572
24712
24716
24715
24714
24719
25062
25063
25060
25061
25067
25064
26833
26678
25699
26679
25690
25692
25696
25666
25661
26444
25669
25526
25524
25523
25521
24839
24836
25287
24834
25285
24830
24831
26720
25501
26722
25880
25118
25119
25444
26690
25114
25115
25112
25113
25110
25111
26155
26152
26151
26150
26159
24901
26259
26254
26257
26250
26253
24882
24881
24880
24887
26237
25235
24884
25239
24888
26755
25971
25972
26619
25976
25977
25978
25979
26617
26610
26611
25879
25878
25871
25870
25873
25875
25876
26543
25312
26438
25431
26534
26537
26430
25156
26435
20135
26437
25434
25904
25907
25906
25901
25437
25902
25908
25159
24962
25309
25306
25305
25304
25303
25302
25301
25652
26325
26143
26320
26321
26170
26287
26285
26283
26282
26280
26448
26175
26447
26440
26443
25628
25621
25624
25625
25152
25401
25403
25404
25405
25154
25962
24970
24977
24976
24974
25019
26808
26804
25011
26801
25938
25015
26802
26215
26217
26218
26270
25276
25275
25271
25270
26651
26656
26271
25570
25571
25573
26719
26222
25088
26062
26060
26711
25085
25086
25081
25082
25083
24872
24873
24870
24871
26261
26260
24874
26104
26105
24878
24879
25103
26101
26691
26807
26624
26627
26621
26623
26629
25826
25827
25825
25823
25820
26866
25942
26865
26636
26369
26405
26404
26361
26362
26366
26568
26562
26563
26560
24898
24701
26845
25059
25057
25054
25053
25051
25688
26266
25958
25611
25617
25530
24808
25534
25535
25537
24801
25438
26681
25123
25430
25121
25432
25126
25125
25124
26141
26142
25951
26146
26147
26148
26149
26386
26228
26384
26385
24938
24935
24934
26224
24931
26662
25545
25547
25541
25540
24894
24892
25989
26743
26134
25985
25984
25520
25981
26137
25286
25868
26136
26038
26039
26133
25862
26035
26036
26037
26030
26031
25864
25865
26034
26520
26521
25529
26525
24740
26726
26032
24747
26684
26138
25916
25917
25915
25913
25911
26033
25918
25882
25649
25646
25647
25644
25313
25314
25315
26714
26298
25414
26354
26291
26292
26293
26294
25446
26296
26680
26591
26264
26456
26452
26267
26451
24946
24737
24736
24731
25442
24733
25443
24738
25005
25007
26263
25169
25168
25165
25164
25008
25162
25161
25160
26184
26187
26180
26181
26818
26817
26814
26815
26812
26810
26269
26268
25260
25261
25262
25264
25265
25266
25267
25268
25508
24991
25503
25502
25505
25504
25507
25506
26070
26074
26075
26707
26704
26705
26276
26178
24966
26275
26273
24849
24848
24847
24846
24845
24844
24843
26278
25214
25211
25213
25185
25187
25186
25181
25180
25183
26631
26638
25813
25812
25811
25810
25817
26003
25818
26852
25320
26412
26410
26411
26416
26415
26419
26559
26554
25048
25049
26851
26660
26855
25040
25043
25044
25045
25047
26301
24604
25601
25606
25607
26717
25608
25134
25136
25130
25132
25133
24954
24957
25234
24951
25139
25428
25039
26716
25035
25420
25036
25031
25427
25033
25425
25511
26238
25311
24920
26230
24924
24925
26234
24927
26757
25259
25557
25555
25550
25251
25253
25252
25559
25857
26351
25855
25854
25853
26753
26676
24815
24816
24817
24811
24813
26041
26040
24818
26047
26519
26615
26750
25922
25921
25920
25928
25840
25678
26884
25672
25671
25670
25676
25674
26342
26343
25843
26346
26347
26348
26349
26581
26582
26585
26586
26587
26588
26590
24726
26764
24724
24729
25071
25070
25075
25076
25173
25174
25177
26408
26823
25510
24981
26059
24984
25515
26739
24828
24827
24826
24823
24822
25109
25108
26731
25512
24983
25107
25106
24986
25517
25514
25102
24910
26241
26169
24915
24916
24850
24918
26160
24853
24854
26167
26164
24857
26327
25206
25422
25204
25205
25202
25203
25201
25208
25209
26601
25002
25003
25969
25030
26436
26431
25801
25009
26547
26541
26542
24851
26426
26425
26424
26422
26421
26161
26323
25703
25702
25701
25705
25704
26501
26339
26338
26847
26330
26337
26335
25639
25638
25637
25635
25634
25632
25630
25141
25140
25143
25142
25413
25411
25149
25148
24944
24945
25419
24941
25028
25024
25025
25022
25654
25021
26206
26205
26203
26202
26201
26236
26209
26208
26710
25248
25560
25567
25565
25564
25243
25241
25247
25244
25245
25093
25841
25090
25844
25845
25846
25848
25849
26767
26761
26763
24861
24860
24862
24867
24866
24869
24868
26050
26056
26055
25651
25650
26508
25653
24963
26505
25193
25837
25836
25831
25832
25936
25839
25932
