82058
82059
82050
82051
82052
82053
82054
82055
82515
82514
82845
82219
82609
82510
82513
82512
82443
82442
82210
82440
82601
82217
82214
82215
83025
82901
82223
82929
82227
82225
82224
82450
82222
82221
82930
82229
82501
82836
82837
82834
82835
82832
82620
82831
82838
82839
82421
82420
82423
82422
82213
82426
82428
82331
82332
82335
82334
82336
82801
83128
83001
82644
82432
82433
82430
82431
82630
82434
82435
82844
82001
83414
82007
82639
82005
82083
82244
82081
82329
82933
82240
82243
82242
82322
82323
82321
82520
82327
82324
82325
83013
83012
83011
82732
82938
82842
82833
82640
82643
82642
82604
82646
82649
82636
83014
82401
82922
82516
82925
82729
82727
82725
82723
82720
82721
82944
82945
82942
82943
82635
82009
82061
82212
82063
82637
82190
82441
82301
82410
82411
82412
82633
82414
82718
82712
82711
82710
82716
82715
82714
83116
83114
83115
83112
83113
83110
83111
82638
82648
83118
83119
82072
82073
82070
83101
82937
82701
57717
82082
82923
82941
82935
82934
82932
83123
83122
83121
83120
83127
83126
83124
82084
82936
82060
82731
82730
82939
82201
82523
